1:ItNr	2:Metric	3:StepSize	4:||Gradient||	Time[ms]
0	-1.544635	37.506172	0.005573	100.0
1	-1.546339	37.070290	0.005673	27.9
2	-1.547515	36.647632	0.005480	30.1
3	-1.537796	36.237560	0.005526	27.8
4	-1.538870	35.839476	0.005632	27.4
5	-1.550243	35.452821	0.005614	28.1
6	-1.553726	35.077072	0.005652	27.7
7	-1.549688	34.711736	0.005488	27.8
8	-1.570756	34.356355	0.005763	27.8
9	-1.551156	34.010494	0.005645	27.8
10	-1.540574	33.673746	0.005772	27.6
11	-1.559735	33.345727	0.005574	27.3
12	-1.567924	33.026076	0.005615	28.0
13	-1.559170	32.714452	0.005528	40.3
14	-1.555539	32.410531	0.005668	45.9
15	-1.563443	32.114010	0.005701	41.2
16	-1.551096	31.824600	0.005797	49.6
17	-1.567620	31.542029	0.005703	36.0
18	-1.556468	31.266037	0.005687	27.6
19	-1.554670	30.996380	0.005622	27.4
20	-1.555962	30.732824	0.005760	27.2
21	-1.553172	30.475148	0.005592	28.1
22	-1.548451	30.223143	0.005563	27.4
23	-1.576960	29.976609	0.005790	29.1
24	-1.552646	29.735354	0.005701	28.7
25	-1.572827	29.499198	0.005676	27.6
26	-1.567399	29.267968	0.005732	27.6
27	-1.550973	29.041500	0.005660	28.1
28	-1.567967	28.819635	0.005539	27.6
29	-1.566483	28.602225	0.005609	28.0
30	-1.560940	28.389125	0.005722	28.5
31	-1.571249	28.180199	0.005684	28.8
32	-1.552167	27.975315	0.005764	28.6
33	-1.573491	27.774347	0.005747	28.3
34	-1.576213	27.577176	0.005647	27.7
35	-1.583599	27.383687	0.005763	27.4
36	-1.578323	27.193769	0.005666	28.8
37	-1.581211	27.007316	0.005724	27.9
38	-1.579004	26.824226	0.005624	27.8
39	-1.567854	26.644403	0.005694	33.7
40	-1.561962	26.467753	0.005649	27.8
41	-1.567587	26.294185	0.005774	27.7
42	-1.564725	26.123614	0.005782	27.3
43	-1.565184	25.955956	0.005537	28.2
44	-1.579921	25.791131	0.005833	27.7
45	-1.578196	25.629062	0.005811	27.5
46	-1.578593	25.469675	0.005994	27.4
47	-1.579975	25.312899	0.005911	28.9
48	-1.569707	25.158666	0.005624	27.6
49	-1.592965	25.006908	0.005698	27.7
50	-1.581949	24.857562	0.005787	28.5
51	-1.572685	24.710566	0.005714	27.8
52	-1.577085	24.565861	0.005654	29.1
53	-1.583379	24.423389	0.005893	27.6
54	-1.589295	24.283095	0.005572	27.4
55	-1.577768	24.144925	0.005703	27.8
56	-1.605429	24.008828	0.005853	27.8
57	-1.593740	23.874753	0.005769	29.7
58	-1.587266	23.742653	0.005699	27.9
59	-1.586216	23.612480	0.005754	28.1
60	-1.593623	23.484189	0.005825	28.5
61	-1.588065	23.357736	0.005765	27.8
62	-1.585036	23.233079	0.005781	27.8
63	-1.588377	23.110177	0.005803	28.2
64	-1.572673	22.988990	0.005656	28.2
65	-1.590218	22.869480	0.005742	27.4
66	-1.591791	22.751608	0.005638	27.5
67	-1.594706	22.635340	0.005891	29.3
68	-1.612030	22.520640	0.005980	27.3
69	-1.605135	22.407473	0.006000	27.7
70	-1.602078	22.295807	0.005803	27.9
71	-1.593853	22.185610	0.005880	27.2
72	-1.601382	22.076850	0.005914	27.4
73	-1.610054	21.969498	0.005805	28.0
74	-1.600730	21.863524	0.005779	28.1
75	-1.599565	21.758899	0.005822	27.5
76	-1.608009	21.655597	0.005838	27.7
77	-1.594835	21.553589	0.005915	28.0
78	-1.597318	21.452849	0.005657	27.9
79	-1.598473	21.353354	0.005827	28.6
80	-1.625083	21.255076	0.005919	34.2
81	-1.603543	21.157994	0.005781	49.7
82	-1.585681	21.062082	0.005623	48.9
83	-1.594723	20.967319	0.005615	36.8
84	-1.594423	20.873682	0.005854	49.1
85	-1.614647	20.781150	0.005876	50.9
86	-1.595971	20.689701	0.005622	50.4
87	-1.599179	20.599315	0.005671	47.4
88	-1.606937	20.509973	0.005911	50.4
89	-1.610360	20.421654	0.005953	37.6
90	-1.602194	20.334340	0.005755	50.7
91	-1.603759	20.248013	0.005916	52.1
92	-1.608562	20.162654	0.006007	50.5
93	-1.600242	20.078246	0.005663	50.6
94	-1.633661	19.994772	0.005836	39.8
95	-1.626912	19.912215	0.005804	46.5
96	-1.619687	19.830559	0.005821	50.1
97	-1.606282	19.749788	0.005696	50.1
98	-1.631767	19.669887	0.005843	51.4
99	-1.604913	19.590840	0.005657	51.5
100	-1.612780	19.512633	0.005945	35.0
101	-1.607650	19.435251	0.005789	28.1
102	-1.606694	19.358680	0.005595	29.9
103	-1.610861	19.282907	0.005776	32.1
104	-1.611383	19.207919	0.005698	31.2
105	-1.613350	19.133701	0.005616	28.3
106	-1.606745	19.060242	0.005705	28.2
107	-1.621968	18.987528	0.005805	27.5
108	-1.619472	18.915548	0.005793	27.3
109	-1.629891	18.844289	0.005912	27.8
110	-1.615727	18.773741	0.005848	28.2
111	-1.611346	18.703891	0.005885	29.4
112	-1.613619	18.634728	0.005833	27.9
113	-1.620353	18.566241	0.005638	27.4
114	-1.624344	18.498421	0.005794	27.5
115	-1.627443	18.431256	0.005862	27.5
116	-1.625469	18.364735	0.006106	27.4
117	-1.617894	18.298850	0.005839	28.5
118	-1.636179	18.233590	0.005991	27.3
119	-1.637138	18.168946	0.005809	30.7
120	-1.626220	18.104908	0.005690	27.5
121	-1.620165	18.041468	0.005847	29.9
122	-1.638433	17.978615	0.005766	28.0
123	-1.618970	17.916342	0.005687	29.5
124	-1.611022	17.854640	0.005678	27.8
125	-1.632697	17.793499	0.005621	27.9
126	-1.638288	17.732913	0.006003	28.0
127	-1.629733	17.672873	0.005712	29.7
128	-1.625910	17.613370	0.005904	36.2
129	-1.613384	17.554398	0.005494	35.8
130	-1.623361	17.495948	0.005765	27.7
131	-1.625383	17.438014	0.005943	27.4
132	-1.608989	17.380587	0.005775	27.5
133	-1.632480	17.323660	0.005772	27.2
134	-1.634218	17.267227	0.005704	27.1
135	-1.633171	17.211281	0.005835	30.5
136	-1.627739	17.155815	0.005943	27.5
137	-1.648094	17.100821	0.005886	31.7
138	-1.636019	17.046294	0.005745	27.7
139	-1.615412	16.992228	0.005697	27.5
140	-1.636317	16.938615	0.005735	27.3
141	-1.633055	16.885450	0.005727	27.5
142	-1.626706	16.832727	0.005597	27.6
143	-1.630901	16.780440	0.005829	27.9
144	-1.634226	16.728583	0.005786	28.8
145	-1.635417	16.677150	0.005671	27.7
146	-1.633441	16.626136	0.005613	27.5
147	-1.609519	16.575535	0.005468	27.6
148	-1.628112	16.525341	0.005561	27.5
149	-1.643348	16.475550	0.005498	27.1
150	-1.623470	16.426157	0.005546	27.1
151	-1.638393	16.377155	0.005668	27.6
152	-1.632510	16.328541	0.005602	31.0
153	-1.650156	16.280309	0.005731	27.4
154	-1.639323	16.232453	0.005821	29.7
155	-1.633282	16.184971	0.005703	27.9
156	-1.645739	16.137856	0.005593	27.1
157	-1.636781	16.091105	0.005832	28.0
158	-1.624694	16.044712	0.005556	27.5
159	-1.646708	15.998674	0.005781	28.2
160	-1.636201	15.952985	0.005753	27.7
161	-1.642944	15.907642	0.005651	27.8
162	-1.653105	15.862640	0.005990	28.9
163	-1.646335	15.817976	0.005863	27.9
164	-1.626599	15.773644	0.005790	27.8
165	-1.647808	15.729642	0.005718	27.8
166	-1.649019	15.685965	0.005821	27.7
167	-1.654617	15.642609	0.005851	28.3
168	-1.645709	15.599570	0.005500	27.6
169	-1.646668	15.556845	0.005677	27.7
170	-1.653276	15.514431	0.005652	28.0
171	-1.639385	15.472322	0.005563	29.7
172	-1.654003	15.430517	0.005593	27.6
173	-1.657560	15.389010	0.005707	27.9
174	-1.646629	15.347799	0.005608	27.5
175	-1.652194	15.306881	0.005600	27.2
176	-1.650461	15.266252	0.005750	27.5
177	-1.660422	15.225908	0.005668	28.1
178	-1.656415	15.185847	0.005552	28.7
179	-1.653522	15.146066	0.005708	27.8
180	-1.646370	15.106560	0.005765	27.5
181	-1.641942	15.067327	0.005697	28.4
182	-1.659914	15.028365	0.005555	27.5
183	-1.657839	14.989669	0.005596	27.5
184	-1.636688	14.951237	0.005478	27.5
185	-1.659533	14.913067	0.005600	27.6
186	-1.660188	14.875155	0.005656	28.2
187	-1.656700	14.837498	0.005441	27.3
188	-1.659564	14.800093	0.005635	29.8
189	-1.658314	14.762939	0.005533	27.7
190	-1.646017	14.726032	0.005465	27.4
191	-1.666343	14.689369	0.005766	30.8
192	-1.657191	14.652948	0.005797	27.5
193	-1.647321	14.616767	0.005147	28.0
194	-1.658022	14.580822	0.005527	27.1
195	-1.661940	14.545112	0.005703	29.4
196	-1.646704	14.509633	0.005517	27.4
197	-1.660663	14.474384	0.005444	27.5
198	-1.654340	14.439361	0.005501	27.4
199	-1.659918	14.404564	0.005325	27.4
200	-1.669336	14.369988	0.005524	27.9
201	-1.659567	14.335633	0.005691	27.8
202	-1.645794	14.301495	0.005368	31.3
203	-1.662013	14.267573	0.005590	27.4
204	-1.663422	14.233864	0.005474	28.0
205	-1.658800	14.200366	0.005465	30.7
206	-1.645869	14.167077	0.005319	27.8
207	-1.666892	14.133995	0.005548	28.0
208	-1.654285	14.101118	0.005408	28.0
209	-1.668390	14.068443	0.005494	27.9
210	-1.664683	14.035969	0.005339	27.8
211	-1.661965	14.003694	0.005689	28.3
212	-1.645492	13.971616	0.005338	28.2
213	-1.659777	13.939732	0.005419	27.8
214	-1.666873	13.908041	0.005443	27.9
215	-1.672387	13.876542	0.005346	28.2
216	-1.650546	13.845231	0.005240	27.8
217	-1.663458	13.814108	0.005181	27.7
218	-1.684853	13.783170	0.005459	27.7
219	-1.675752	13.752416	0.005346	30.3
220	-1.666329	13.721844	0.005564	27.5
221	-1.665444	13.691452	0.005540	27.5
222	-1.665907	13.661239	0.005303	30.1
223	-1.669561	13.631202	0.005272	27.6
224	-1.663192	13.601340	0.005286	27.5
225	-1.657332	13.571652	0.005214	27.3
226	-1.659786	13.542136	0.005246	27.6
227	-1.656023	13.512790	0.005357	27.9
228	-1.667854	13.483612	0.005217	29.8
229	-1.667345	13.454602	0.005441	27.8
230	-1.655648	13.425757	0.005450	27.6
231	-1.651133	13.397076	0.005450	27.7
232	-1.679868	13.368558	0.005427	27.8
233	-1.676250	13.340200	0.005309	27.9
234	-1.662880	13.312002	0.005210	27.7
235	-1.668456	13.283962	0.005414	27.7
236	-1.672991	13.256079	0.005529	31.2
237	-1.659902	13.228351	0.005276	27.7
238	-1.665446	13.200777	0.005482	31.0
239	-1.675686	13.173355	0.005425	28.2
240	-1.681476	13.146084	0.005302	27.8
241	-1.664616	13.118963	0.005192	28.1
242	-1.674332	13.091991	0.005452	27.9
243	-1.666945	13.065165	0.005265	28.0
244	-1.661265	13.038485	0.005428	27.9
245	-1.669467	13.011950	0.005317	29.1
246	-1.680085	12.985558	0.005067	28.4
247	-1.675485	12.959308	0.005282	27.6
248	-1.668041	12.933198	0.005264	27.7
249	-1.666116	12.907228	0.005051	27.7
250	-1.676438	12.881397	0.005199	28.0
251	-1.677014	12.855702	0.005192	28.1
252	-1.662912	12.830144	0.005070	27.6
253	-1.676885	12.804720	0.005266	30.9
254	-1.671534	12.779430	0.005290	27.5
255	-1.660399	12.754273	0.005170	30.2
256	-1.674718	12.729246	0.005243	27.3
257	-1.672048	12.704350	0.005169	27.8
258	-1.684687	12.679583	0.005168	27.5
259	-1.677615	12.654945	0.005172	27.8
260	-1.678968	12.630433	0.005102	27.8
261	-1.682951	12.606047	0.005395	27.9
262	-1.675578	12.581786	0.005182	27.8
263	-1.685024	12.557649	0.005511	27.4
264	-1.666039	12.533635	0.005172	27.9
265	-1.682050	12.509742	0.005021	28.2
266	-1.669526	12.485971	0.005055	27.8
267	-1.680345	12.462319	0.005309	28.0
268	-1.696068	12.438786	0.005240	27.9
269	-1.673753	12.415371	0.005120	27.8
270	-1.690383	12.392073	0.005002	28.9
271	-1.656848	12.368891	0.004839	28.2
272	-1.681073	12.345824	0.005188	31.2
273	-1.685614	12.322871	0.005233	27.9
274	-1.681828	12.300031	0.005071	27.5
275	-1.696575	12.277304	0.005034	27.4
276	-1.690033	12.254688	0.005349	28.6
277	-1.680856	12.232182	0.004988	27.4
278	-1.682236	12.209786	0.005210	28.1
279	-1.675880	12.187499	0.004885	27.4
280	-1.682155	12.165320	0.005089	27.4
281	-1.685755	12.143248	0.004949	27.4
282	-1.665230	12.121282	0.005059	28.3
283	-1.674394	12.099422	0.004960	27.4
284	-1.674489	12.077666	0.005021	27.4
285	-1.670238	12.056014	0.005082	28.1
286	-1.702781	12.034465	0.005076	28.2
287	-1.689928	12.013018	0.005029	27.8
288	-1.682739	11.991673	0.005075	28.0
289	-1.686307	11.970428	0.005167	30.1
290	-1.680570	11.949283	0.005025	27.7
291	-1.689398	11.928237	0.005048	27.7
292	-1.698104	11.907290	0.005162	27.7
293	-1.692368	11.886440	0.005210	27.9
294	-1.692102	11.865687	0.005163	27.8
295	-1.691506	11.845030	0.005051	27.9
296	-1.675692	11.824469	0.004907	27.7
297	-1.697745	11.804002	0.005113	27.8
298	-1.686745	11.783630	0.004840	27.5
299	-1.687558	11.763350	0.004866	27.5
300	-1.697346	11.743163	0.005009	27.7
301	-1.674881	11.723069	0.004957	28.6
302	-1.683134	11.703065	0.004888	27.8
303	-1.683100	11.683152	0.004879	30.2
304	-1.689115	11.663329	0.004935	27.3
305	-1.694714	11.643595	0.004881	28.6
306	-1.679496	11.623950	0.004959	27.8
307	-1.691506	11.604392	0.004798	27.5
308	-1.690561	11.584923	0.004902	27.8
309	-1.694988	11.565539	0.004720	27.5
310	-1.703445	11.546242	0.004882	28.4
311	-1.691032	11.527030	0.004976	27.9
312	-1.689435	11.507903	0.004893	28.4
313	-1.700224	11.488861	0.005042	27.9
314	-1.696835	11.469901	0.004797	27.2
315	-1.690530	11.451025	0.004927	27.5
316	-1.693709	11.432232	0.004916	28.8
317	-1.701711	11.413520	0.004872	27.4
318	-1.706679	11.394890	0.004718	27.3
319	-1.692789	11.376340	0.004892	27.3
320	-1.691296	11.357870	0.004770	30.3
321	-1.710366	11.339480	0.004898	28.8
322	-1.689808	11.321169	0.004669	27.8
323	-1.713734	11.302936	0.004895	30.4
324	-1.680415	11.284782	0.004936	27.1
325	-1.706686	11.266705	0.005007	27.8
326	-1.697640	11.248704	0.004819	27.3
327	-1.678023	11.230780	0.004821	27.2
328	-1.682535	11.212932	0.004897	28.4
329	-1.696386	11.195159	0.004871	40.7
330	-1.710119	11.177461	0.004784	27.4
331	-1.694732	11.159837	0.005106	27.5
332	-1.693479	11.142287	0.004623	27.3
333	-1.684249	11.124810	0.004690	27.6
334	-1.696250	11.107406	0.004824	27.4
335	-1.703031	11.090074	0.004984	27.7
336	-1.696897	11.072814	0.004723	27.6
337	-1.689956	11.055625	0.004706	27.3
338	-1.699780	11.038507	0.004842	27.6
339	-1.717742	11.021459	0.004860	30.3
340	-1.694990	11.004481	0.004736	27.5
341	-1.682532	10.987573	0.004570	27.9
342	-1.692810	10.970734	0.004622	27.4
343	-1.708370	10.953963	0.004757	27.8
344	-1.694862	10.937260	0.004643	27.3
345	-1.692588	10.920625	0.004638	28.0
346	-1.701788	10.904057	0.004613	29.3
347	-1.676068	10.887556	0.004555	27.7
348	-1.687275	10.871120	0.004794	27.2
349	-1.699832	10.854751	0.004575	28.1
350	-1.696301	10.838448	0.004665	27.5
351	-1.705545	10.822209	0.004703	27.5
352	-1.707660	10.806035	0.004677	27.4
353	-1.693638	10.789925	0.004695	27.4
354	-1.697853	10.773878	0.004646	30.4
355	-1.711533	10.757895	0.004672	27.4
356	-1.693184	10.741975	0.004583	30.0
357	-1.699993	10.726118	0.004512	31.0
358	-1.687659	10.710323	0.004542	27.6
359	-1.710717	10.694589	0.004543	27.4
360	-1.695486	10.678917	0.004592	27.6
361	-1.708254	10.663306	0.004684	28.3
362	-1.711235	10.647755	0.004554	27.4
363	-1.683198	10.632265	0.004617	28.0
364	-1.703785	10.616834	0.004436	27.4
365	-1.691146	10.601463	0.004713	27.5
366	-1.700920	10.586151	0.004445	27.5
367	-1.705932	10.570898	0.004494	27.1
368	-1.689932	10.555703	0.004458	27.9
369	-1.702641	10.540566	0.004493	27.4
370	-1.710958	10.525486	0.004551	30.1
371	-1.703789	10.510464	0.004520	28.1
372	-1.704871	10.495499	0.004538	29.0
373	-1.691451	10.480590	0.004375	30.4
374	-1.705825	10.465738	0.004594	27.3
375	-1.706591	10.450941	0.004658	27.5
376	-1.696792	10.436200	0.004616	28.1
377	-1.690272	10.421515	0.004540	27.4
378	-1.713016	10.406884	0.004304	27.7
379	-1.696333	10.392307	0.004389	28.5
380	-1.708483	10.377785	0.004505	27.8
381	-1.721552	10.363317	0.004549	27.6
382	-1.698406	10.348902	0.004381	27.4
383	-1.702019	10.334541	0.004570	27.8
384	-1.705179	10.320232	0.004487	27.7
385	-1.708091	10.305976	0.004469	28.1
386	-1.711783	10.291772	0.004462	27.4
387	-1.715238	10.277620	0.004401	30.6
388	-1.705482	10.263520	0.004410	27.5
389	-1.698983	10.249472	0.004331	27.3
390	-1.706220	10.235474	0.004547	30.3
391	-1.703831	10.221527	0.004370	27.6
392	-1.709479	10.207631	0.004224	27.5
393	-1.718741	10.193784	0.004330	27.6
394	-1.703934	10.179988	0.004359	37.2
395	-1.692990	10.166241	0.004138	27.3
396	-1.697165	10.152544	0.004356	27.2
397	-1.701043	10.138895	0.004331	28.1
398	-1.708781	10.125295	0.004255	27.6
399	-1.708381	10.111744	0.004278	27.1
400	-1.703932	10.098241	0.004316	27.5
401	-1.704441	10.084785	0.004260	27.5
402	-1.713299	10.071377	0.004433	27.1
403	-1.689417	10.058017	0.004263	27.5
404	-1.714649	10.044704	0.004349	30.6
405	-1.704314	10.031437	0.004344	27.7
406	-1.716654	10.018217	0.004265	31.2
407	-1.705311	10.005043	0.004301	27.3
408	-1.718947	9.991916	0.004420	28.0
409	-1.717132	9.978834	0.004268	27.9
410	-1.711137	9.965797	0.004247	27.7
411	-1.707326	9.952806	0.004266	27.6
412	-1.718932	9.939859	0.004186	28.1
413	-1.704498	9.926958	0.004151	28.8
414	-1.718192	9.914100	0.004541	28.0
415	-1.723404	9.901287	0.004337	27.5
416	-1.729653	9.888518	0.004285	27.7
417	-1.710196	9.875793	0.004230	27.7
418	-1.709991	9.863111	0.004072	27.9
419	-1.697044	9.850473	0.004151	27.9
420	-1.709510	9.837877	0.004147	28.7
421	-1.722324	9.825325	0.004300	30.9
422	-1.696291	9.812814	0.004239	27.5
423	-1.713451	9.800346	0.004417	30.1
424	-1.709692	9.787921	0.004185	27.7
425	-1.685828	9.775537	0.004097	28.0
426	-1.722002	9.763194	0.004240	27.6
427	-1.706105	9.750893	0.004152	28.0
428	-1.700452	9.738633	0.004050	28.8
429	-1.713190	9.726414	0.004259	27.9
430	-1.706289	9.714236	0.004226	28.6
431	-1.721089	9.702098	0.004062	28.2
432	-1.711283	9.690001	0.004168	27.8
433	-1.708919	9.677944	0.004222	27.7
434	-1.704691	9.665926	0.004246	28.1
435	-1.722343	9.653948	0.004275	27.8
436	-1.692112	9.642010	0.004205	27.9
437	-1.700453	9.630110	0.004139	30.0
438	-1.731687	9.618250	0.004256	27.6
439	-1.727825	9.606428	0.004226	28.0
440	-1.719509	9.594645	0.004092	29.4
441	-1.708581	9.582901	0.004186	27.6
442	-1.724882	9.571195	0.004177	27.6
443	-1.704918	9.559526	0.004065	27.4
444	-1.722891	9.547896	0.004000	27.4
445	-1.705016	9.536303	0.004037	27.3
446	-1.708401	9.524747	0.003997	28.0
447	-1.703195	9.513228	0.003886	27.6
448	-1.703172	9.501747	0.004152	27.5
449	-1.707381	9.490302	0.004113	27.4
450	-1.725820	9.478894	0.004113	28.2
451	-1.707106	9.467523	0.004056	27.4
452	-1.702572	9.456187	0.004135	27.3
453	-1.722478	9.444888	0.003960	27.5
454	-1.711614	9.433624	0.003941	28.0
455	-1.720269	9.422397	0.004051	27.3
456	-1.713387	9.411204	0.004111	27.2
457	-1.725078	9.400047	0.004112	30.0
458	-1.713760	9.388925	0.004013	27.8
459	-1.706500	9.377838	0.003948	37.9
460	-1.710841	9.366786	0.004044	28.9
461	-1.720566	9.355769	0.003999	28.3
462	-1.720293	9.344786	0.004222	28.0
463	-1.714777	9.333837	0.004135	27.7
464	-1.719452	9.322922	0.003984	27.6
465	-1.713972	9.312041	0.003959	28.4
466	-1.714616	9.301194	0.004085	27.5
467	-1.711845	9.290380	0.003949	27.9
468	-1.708820	9.279600	0.004120	27.8
469	-1.724076	9.268853	0.004016	27.8
470	-1.713601	9.258139	0.003997	28.0
471	-1.728364	9.247458	0.003953	31.7
472	-1.718812	9.236809	0.004033	29.7
473	-1.723498	9.226193	0.004007	30.2
474	-1.721814	9.215610	0.004191	27.6
475	-1.713207	9.205059	0.003964	27.4
476	-1.718688	9.194540	0.003748	27.1
477	-1.714066	9.184053	0.003840	28.4
478	-1.729053	9.173597	0.003978	27.5
479	-1.721524	9.163174	0.003856	27.8
480	-1.729090	9.152781	0.004004	27.9
481	-1.703132	9.142420	0.003835	27.5
482	-1.711562	9.132091	0.004021	27.4
483	-1.727763	9.121792	0.004097	28.5
484	-1.707440	9.111524	0.003856	27.8
485	-1.699784	9.101287	0.003672	27.4
486	-1.712334	9.091080	0.003713	27.3
487	-1.708621	9.080904	0.003969	27.8
488	-1.708922	9.070757	0.003761	30.4
489	-1.708299	9.060642	0.003801	27.6
490	-1.708624	9.050556	0.003838	30.1
491	-1.717974	9.040499	0.003934	27.0
492	-1.727021	9.030473	0.003855	27.4
493	-1.712488	9.020476	0.003778	28.0
494	-1.716553	9.010508	0.003895	27.5
495	-1.721082	9.000570	0.003722	27.1
496	-1.730793	8.990661	0.003761	27.5
497	-1.716760	8.980781	0.003961	27.6
498	-1.729197	8.970929	0.003870	27.6
499	-1.707820	8.961107	0.003813	27.7
