1:ItNr	2:Metric	3a:Time	3b:StepSize	4:||Gradient||	Time[ms]
0	-1.054885	0.000000	24.558102	0.025210	1332.1
1	-1.028547	0.000000	24.558102	0.102774	19.9
2	-0.906223	1.000000	23.441825	0.101143	20.2
3	-1.027964	2.000000	22.422615	0.069248	19.8
4	-0.998894	3.000000	21.488339	0.065285	19.4
5	-1.026618	4.000000	20.628806	0.054270	20.6
6	-1.008296	5.000000	19.835390	0.058874	19.1
7	-1.034328	6.000000	19.100746	0.065015	19.9
8	-1.011450	7.000000	18.418577	0.071360	19.8
9	-1.024837	8.000000	17.783453	0.070718	19.3
10	-1.005837	9.000000	17.190672	0.060370	19.3
11	-1.040857	10.000000	16.636134	0.056361	19.6
12	-1.015921	11.000000	16.116255	0.077310	21.5
13	-1.021561	12.000000	15.627883	0.072610	19.9
14	-1.021500	13.000000	15.168240	0.071497	20.1
15	-1.026697	14.000000	14.734861	0.068250	19.4
16	-1.029180	15.000000	14.325560	0.057112	19.2
17	-1.036593	16.000000	13.938382	0.061302	20.8
18	-1.027286	17.000000	13.571583	0.058213	20.0
19	-1.037830	18.000000	13.223594	0.054390	19.6
20	-1.026075	19.000000	12.893004	0.057591	19.3
21	-1.038254	20.000000	12.578540	0.056647	19.8
22	-1.037050	21.000000	12.279051	0.051288	23.8
23	-1.038342	22.000000	11.993492	0.040344	19.4
24	-1.044968	23.000000	11.720912	0.050111	19.4
25	-1.033171	24.000000	11.460448	0.059154	19.4
26	-1.035950	25.000000	11.211308	0.063179	19.6
27	-1.041963	26.000000	10.972769	0.055418	19.8
28	-1.045071	27.000000	10.744170	0.048797	19.7
29	-1.051729	28.000000	10.524901	0.056866	19.3
30	-1.041539	29.000000	10.314403	0.051597	19.7
31	-1.047603	30.000000	10.112160	0.033833	19.4
32	-1.051174	31.000000	9.917695	0.024675	19.2
33	-1.049080	32.000000	9.730569	0.014642	19.8
34	-1.041236	33.000000	9.550373	0.014862	19.7
35	-1.047037	34.000000	9.376730	0.018692	20.0
36	-1.052891	35.000000	9.209288	0.006560	19.2
37	-1.050950	36.000000	9.047722	0.007879	19.4
38	-1.046108	35.986326	9.049893	0.014011	19.6
39	-1.049424	36.986326	8.893823	0.020186	19.8
40	-1.055586	37.986326	8.743046	0.013368	19.6
41	-1.050836	38.986326	8.597295	0.015210	19.4
42	-1.048594	39.986326	8.456324	0.016768	20.2
43	-1.035767	40.986326	8.319902	0.016988	20.9
44	-1.047855	41.986326	8.187811	0.012023	19.6
45	-1.055942	42.986326	8.059849	0.001612	19.9
46	-1.048604	42.972686	8.061568	0.004005	19.9
47	-1.054286	42.989120	8.059497	0.005492	19.8
48	-1.050725	42.975461	8.061218	0.024905	24.7
49	-1.043251	43.975461	7.937153	0.028072	19.9
50	-1.055768	44.975461	7.816848	0.013445	19.3
51	-1.039644	45.975461	7.700136	0.005124	19.6
52	-1.053786	46.360117	7.656165	0.013294	19.3
53	-1.063464	47.360117	7.544167	0.016484	19.4
54	-1.055586	48.360117	7.435399	0.026303	19.5
55	-1.056368	49.360117	7.329723	0.012820	20.1
56	-1.039520	50.360117	7.227008	0.006629	19.2
57	-1.040302	50.346443	7.228393	0.009276	20.0
58	-1.044123	51.346360	7.128488	0.015138	21.6
59	-1.055122	52.346360	7.031298	0.007586	20.1
60	-1.042046	53.346360	6.936724	0.008979	19.8
61	-1.053830	54.346234	6.844670	0.015655	19.5
62	-1.055736	55.346234	6.755017	0.014489	19.8
63	-1.043105	56.346234	6.667683	0.015116	20.5
64	-1.050224	57.346234	6.582577	0.002595	19.8
65	-1.056608	57.332605	6.583723	0.005755	19.4
66	-1.047855	57.326863	6.584205	0.016083	19.5
67	-1.057388	58.326863	6.501204	0.011326	19.9
68	-1.047550	59.326863	6.420270	0.003699	19.4
69	-1.039570	59.313189	6.421363	0.002735	19.6
70	-1.051760	59.300676	6.422364	0.008721	19.5
71	-1.047577	59.783812	6.383954	0.006694	22.7
72	-1.053191	60.783812	6.305895	0.005002	19.8
73	-1.048722	60.770881	6.306892	0.013629	21.1
74	-1.045852	61.767602	6.230942	0.017789	19.8
75	-1.051890	62.767602	6.156559	0.006194	19.9
76	-1.054358	63.767602	6.083930	0.009190	19.7
77	-1.051886	64.767415	6.013008	0.026617	19.5
78	-1.049215	65.767415	5.943708	0.013696	20.2
79	-1.040917	66.767415	5.875987	0.006651	19.8
80	-1.044123	66.753741	5.876902	0.004845	19.9
81	-1.050532	67.753688	5.810690	0.008176	19.6
82	-1.052238	68.753376	5.745969	0.008331	19.3
83	-1.038070	69.417850	5.703743	0.007585	19.4
84	-1.057476	70.417850	5.641351	0.010759	19.7
85	-1.051126	70.404176	5.642195	0.003110	19.9
86	-1.050081	71.092018	5.600053	0.005783	19.7
87	-1.050261	71.079051	5.600841	0.008553	19.9
88	-1.040016	72.079050	5.540668	0.005527	19.5
89	-1.043977	72.429173	5.519905	0.010993	19.7
90	-1.056938	73.428975	5.461461	0.012042	23.1
91	-1.045745	74.428975	5.404230	0.006073	19.5
92	-1.048710	74.415301	5.405005	0.011368	19.8
93	-1.054574	75.415301	5.348945	0.007456	25.3
94	-1.058239	75.401627	5.349704	0.007845	19.2
95	-1.057098	76.401524	5.294785	0.025644	19.9
96	-1.051602	77.401524	5.240977	0.012019	19.4
97	-1.053622	78.401524	5.188252	0.007170	19.8
98	-1.048025	78.387849	5.188966	0.022198	19.8
99	-1.043828	79.387849	5.137277	0.012611	19.2
100	-1.059699	80.387849	5.086607	0.007853	19.3
101	-1.044412	80.374175	5.087293	0.012408	19.7
102	-1.051712	81.374175	5.037600	0.009161	20.3
103	-1.054283	82.374171	4.988869	0.012145	20.7
104	-1.059556	83.374171	4.941071	0.008998	21.0
105	-1.048494	84.374171	4.894180	0.005784	20.1
106	-1.054044	85.374171	4.848171	0.006358	19.8
107	-1.056774	86.373438	4.803051	0.006178	20.1
108	-1.053059	87.372408	4.758777	0.013893	19.5
109	-1.053510	87.358734	4.759378	0.011725	19.7
110	-1.048723	88.358734	4.715857	0.008860	20.2
111	-1.050824	89.317328	4.674879	0.004365	19.7
112	-1.050329	90.317316	4.632883	0.006713	19.6
113	-1.055361	91.317220	4.591639	0.008142	21.5
114	-1.052919	92.317220	4.551119	0.004553	19.5
115	-1.055910	93.317213	4.511308	0.004454	23.9
116	-1.056463	93.357968	4.509700	0.005078	25.1
117	-1.046640	93.344665	4.510225	0.011294	20.6
118	-1.051420	94.344664	4.471123	0.001737	19.8
119	-1.055368	95.251355	4.436251	0.007053	19.7
120	-1.055595	95.237780	4.436769	0.013389	19.6
121	-1.053924	96.237780	4.398925	0.012808	19.9
122	-1.042300	97.237780	4.361720	0.005741	20.1
123	-1.063054	98.237780	4.325140	0.002777	19.4
124	-1.053680	98.272426	4.323884	0.011596	19.7
125	-1.051927	98.262783	4.324234	0.018493	19.7
126	-1.061140	99.262783	4.288277	0.004807	19.8
127	-1.052179	100.262783	4.252914	0.012495	19.5
128	-1.058102	101.262502	4.218138	0.010807	19.6
129	-1.056299	102.262502	4.183918	0.008271	19.5
130	-1.057206	103.262502	4.150248	0.005447	19.8
131	-1.042852	103.248828	4.150704	0.017755	19.5
132	-1.058461	104.248828	4.117565	0.011890	19.5
133	-1.056164	105.248828	4.084950	0.010842	19.5
134	-1.049650	105.235154	4.085392	0.020989	19.5
135	-1.046524	106.235154	4.053283	0.005326	21.5
136	-1.048432	107.235154	4.021675	0.014508	19.6
137	-1.047681	108.235154	3.990556	0.011165	19.5
138	-1.045148	109.235154	3.959915	0.007396	25.1
139	-1.060764	109.221480	3.960331	0.010965	19.7
140	-1.053659	109.207811	3.960747	0.007252	20.3
141	-1.047274	110.207811	3.930560	0.013816	19.5
142	-1.052374	110.201831	3.930739	0.010863	19.8
143	-1.051248	111.201831	3.901006	0.004162	19.4
144	-1.048752	112.201830	3.871720	0.002756	19.6
145	-1.052768	112.188528	3.872106	0.004167	19.6
146	-1.043080	112.175936	3.872472	0.006017	19.7
147	-1.051442	113.159550	3.844081	0.007613	19.8
148	-1.056618	113.145876	3.844473	0.002990	20.2
149	-1.051828	113.137924	3.844701	0.019919	19.9
150	-1.053747	114.101222	3.817287	0.006831	19.8
151	-1.053165	115.101222	3.789240	0.010218	24.0
152	-1.054048	116.101213	3.761602	0.009018	20.1
153	-1.050931	117.101213	3.734364	0.011486	19.8
154	-1.053632	117.087539	3.734733	0.015610	19.8
155	-1.062028	118.087539	3.707882	0.006038	20.2
156	-1.058285	118.073865	3.708246	0.002446	19.6
157	-1.049512	118.100999	3.707523	0.009348	23.2
158	-1.049283	118.691921	3.691839	0.003372	19.6
159	-1.047285	118.678248	3.692201	0.011282	20.3
160	-1.046051	119.674022	3.666065	0.005815	22.2
161	-1.036095	120.674020	3.640189	0.004882	19.6
162	-1.056663	121.529875	3.618330	0.013411	20.3
163	-1.056739	122.529875	3.593121	0.012777	20.1
164	-1.045047	123.529875	3.568260	0.007438	19.7
165	-1.055185	124.529875	3.543741	0.001561	19.6
166	-1.049010	124.516913	3.544056	0.017551	20.2
167	-1.053991	125.353174	3.523806	0.004809	20.0
168	-1.056593	126.353174	3.499892	0.011782	20.2
169	-1.046984	126.339500	3.500216	0.009737	19.6
170	-1.041427	126.325825	3.500541	0.013615	20.1
171	-1.053913	127.325825	3.476941	0.009520	19.5
172	-1.057811	128.325825	3.453657	0.006045	19.8
173	-1.048933	128.312151	3.453973	0.008719	19.6
174	-1.055950	129.312149	3.430994	0.002246	19.5
175	-1.058439	129.299221	3.431290	0.008790	19.7
176	-1.050667	129.427270	3.428369	0.002341	19.8
177	-1.052985	130.271031	3.409246	0.008373	19.9
178	-1.052957	130.281869	3.409002	0.007907	20.3
179	-1.056701	130.268195	3.409310	0.006251	23.5
180	-1.060170	131.268195	3.386920	0.007674	20.0
181	-1.054465	131.254521	3.387224	0.013352	19.6
182	-1.056422	131.240847	3.387528	0.004472	19.7
183	-1.049375	131.262076	3.387056	0.003842	21.0
184	-1.059794	131.293223	3.386363	0.010689	20.3
185	-1.051357	131.279550	3.386667	0.009983	19.3
186	-1.054104	132.279550	3.364572	0.007916	19.7
187	-1.048878	133.179318	3.344937	0.009853	20.0
188	-1.058089	134.179318	3.323382	0.009991	20.0
189	-1.060185	135.179318	3.302103	0.011717	19.6
190	-1.046842	136.179318	3.281094	0.013437	19.7
191	-1.054407	136.165644	3.281380	0.013575	19.4
192	-1.049352	137.165644	3.260633	0.009068	21.4
193	-1.054348	138.041626	3.242674	0.006312	20.5
194	-1.054704	138.171355	3.240031	0.004377	19.5
195	-1.049081	138.158100	3.240301	0.005367	20.5
196	-1.056616	139.143588	3.220361	0.008792	20.7
197	-1.059822	140.137980	3.200488	0.013269	19.9
198	-1.057826	141.137980	3.180749	0.007304	20.1
199	-1.054924	142.137980	3.161251	0.009906	19.4
200	-1.060754	143.137980	3.141992	0.013650	19.7
201	-1.043761	144.137980	3.122965	0.008074	20.1
202	-1.054139	145.137980	3.104168	0.014025	23.3
203	-1.054079	146.136665	3.085619	0.012003	19.9
204	-1.059636	147.136665	3.067268	0.011698	21.7
205	-1.057488	148.136665	3.049133	0.007447	22.9
206	-1.055209	149.136665	3.031211	0.001949	21.3
207	-1.049637	149.123091	3.031453	0.001893	19.7
208	-1.053348	149.130641	3.031318	0.004925	19.9
209	-1.055875	149.203901	3.030014	0.010188	19.8
210	-1.053951	150.203899	3.012315	0.004764	19.4
211	-1.051863	150.207008	3.012261	0.002780	20.0
212	-1.047025	150.193713	3.012495	0.008790	19.5
213	-1.047924	150.180041	3.012735	0.007796	19.7
214	-1.055202	151.180041	2.995238	0.008911	19.5
215	-1.043310	152.180041	2.977942	0.022363	19.5
216	-1.053431	153.180041	2.960845	0.006461	19.5
217	-1.048366	154.180041	2.943944	0.012335	19.9
218	-1.057139	154.166367	2.944173	0.012864	19.6
219	-1.050001	154.152693	2.944403	0.012317	19.6
220	-1.046741	155.152693	2.927688	0.005761	19.6
221	-1.046613	155.139019	2.927915	0.007241	19.9
222	-1.052168	155.125346	2.928143	0.003881	19.4
223	-1.049670	155.111672	2.928370	0.005127	20.4
224	-1.041239	155.959208	2.914345	0.005531	23.2
225	-1.058190	155.948105	2.914528	0.006042	19.5
226	-1.048979	155.934527	2.914751	0.007431	19.6
227	-1.052115	156.934527	2.898370	0.010318	22.7
228	-1.050368	156.920853	2.898593	0.004716	19.9
229	-1.051501	156.907179	2.898816	0.010603	19.9
230	-1.054188	157.907101	2.882614	0.007301	19.5
231	-1.050869	158.907101	2.866591	0.007353	19.5
232	-1.047868	159.874883	2.851254	0.005020	20.1
233	-1.044201	159.865232	2.851406	0.004652	19.6
234	-1.038858	160.788166	2.836929	0.009646	19.6
235	-1.047073	160.774492	2.837143	0.017790	19.7
236	-1.047630	161.774492	2.821620	0.004038	20.0
237	-1.046815	161.760818	2.821831	0.008850	21.5
238	-1.047145	161.808279	2.821098	0.013790	19.6
239	-1.047909	162.808279	2.805750	0.005977	20.2
240	-1.057891	163.808277	2.790568	0.010649	19.4
241	-1.057978	164.808277	2.775550	0.016250	19.8
242	-1.061881	165.808277	2.760692	0.003383	20.0
243	-1.061452	165.795082	2.760887	0.007473	19.5
244	-1.053084	165.781410	2.761089	0.014879	19.4
245	-1.047758	165.767736	2.761291	0.007189	20.1
246	-1.051855	166.767736	2.746586	0.005233	19.7
247	-1.048495	167.767679	2.732036	0.015065	23.1
248	-1.047712	168.767679	2.717640	0.002167	21.4
249	-1.044528	168.924324	2.715398	0.009716	19.3
250	-1.049987	168.910651	2.715594	0.004856	22.9
251	-1.050193	169.910462	2.701372	0.007670	19.7
252	-1.061484	169.897021	2.701562	0.007321	19.4
253	-1.051037	170.897021	2.687484	0.006805	20.3
254	-1.040560	170.883347	2.687675	0.001415	19.7
255	-1.050796	170.879978	2.687723	0.008291	19.6
256	-1.052885	170.900610	2.687434	0.005503	19.9
257	-1.058358	171.900609	2.673502	0.013371	20.1
258	-1.046786	172.900609	2.659714	0.008211	19.9
259	-1.046652	173.900609	2.646067	0.012869	19.9
260	-1.049060	173.886935	2.646253	0.012127	19.8
261	-1.052752	174.886935	2.632744	0.007484	19.5
262	-1.054759	175.886935	2.619372	0.004349	19.6
263	-1.054140	175.873307	2.619553	0.003494	19.5
264	-1.049511	175.988883	2.618017	0.014209	19.6
265	-1.051624	175.986530	2.618048	0.009467	19.6
266	-1.050624	176.986525	2.604824	0.007932	19.7
267	-1.055428	177.986521	2.591734	0.008904	19.8
268	-1.050017	178.778858	2.581455	0.007604	19.8
269	-1.046710	178.765184	2.581632	0.005764	21.4
270	-1.053595	179.765136	2.568773	0.005416	20.0
271	-1.052835	179.751462	2.568948	0.010900	20.2
272	-1.049561	179.737788	2.569123	0.010205	23.9
273	-1.061569	180.737788	2.556388	0.011271	20.1
274	-1.054101	180.724114	2.556562	0.008414	19.6
275	-1.052568	181.724114	2.543951	0.007616	19.6
276	-1.044998	181.710440	2.544122	0.008530	19.7
277	-1.052366	181.696766	2.544294	0.005123	20.7
278	-1.047671	182.695653	2.531817	0.005291	20.1
279	-1.053594	182.682011	2.531987	0.011360	20.1
280	-1.054246	183.682011	2.519616	0.003931	19.4
281	-1.055211	183.668392	2.519784	0.002209	20.3
282	-1.053058	183.672755	2.519730	0.008736	22.0
283	-1.041040	184.615789	2.508174	0.006731	21.0
284	-1.065842	185.615738	2.496035	0.009454	19.8
285	-1.061074	185.602065	2.496200	0.009789	19.5
286	-1.055440	186.602065	2.484176	0.008636	19.4
287	-1.054299	186.588390	2.484340	0.002491	20.0
288	-1.048523	186.574759	2.484503	0.015288	19.4
289	-1.056698	187.574164	2.472598	0.003785	36.2
290	-1.052996	187.560490	2.472761	0.004223	20.0
291	-1.053547	187.549895	2.472886	0.011250	24.3
292	-1.053090	187.536221	2.473048	0.001392	19.9
293	-1.052465	187.633953	2.471890	0.009576	19.3
294	-1.058348	187.657082	2.471616	0.007144	24.9
295	-1.054695	188.657082	2.459827	0.004609	28.7
296	-1.045227	188.668629	2.459692	0.003774	30.6
297	-1.055659	188.666328	2.459719	0.005710	21.2
298	-1.058682	188.652671	2.459879	0.006362	34.6
299	-1.054826	188.638998	2.460039	0.004469	36.7
300	-1.047610	188.756840	2.458657	0.003934	31.6
301	-1.054265	188.743322	2.458816	0.006667	27.7
302	-1.053475	188.731135	2.458958	0.011411	36.4
303	-1.048958	189.731135	2.447290	0.003977	32.9
304	-1.046847	190.731135	2.435731	0.005265	29.6
305	-1.054461	190.717466	2.435889	0.002695	36.8
306	-1.035556	191.035639	2.432233	0.006980	36.7
307	-1.051822	191.421358	2.427817	0.006781	30.6
308	-1.063857	192.421356	2.416441	0.004439	36.3
309	-1.036290	193.419999	2.405187	0.004320	31.8
310	-1.042596	193.513971	2.404133	0.002077	25.3
311	-1.047104	193.505986	2.404223	0.003797	32.0
312	-1.057930	193.647655	2.402636	0.003181	36.8
313	-1.043475	193.874824	2.400096	0.006841	36.7
314	-1.054111	193.862134	2.400237	0.005151	36.3
315	-1.047133	194.862109	2.389118	0.004049	37.7
316	-1.057394	194.999677	2.387597	0.005603	35.3
317	-1.046411	195.997386	2.376619	0.002040	32.7
318	-1.045995	195.985508	2.376749	0.003973	37.6
319	-1.060387	195.976136	2.376852	0.005996	22.2
320	-1.055501	196.974332	2.365967	0.006521	19.7
321	-1.059051	197.974310	2.355163	0.007681	23.2
322	-1.056779	198.974310	2.344456	0.007545	19.7
323	-1.045996	198.960636	2.344602	0.018815	24.6
324	-1.047860	199.960636	2.333991	0.010035	22.5
325	-1.046349	200.960636	2.323476	0.009512	19.5
326	-1.046786	201.960636	2.313055	0.004156	19.7
327	-1.059635	202.960630	2.302727	0.008153	19.8
328	-1.060495	202.947093	2.302866	0.003322	19.4
329	-1.047105	202.933419	2.303007	0.011566	20.5
330	-1.054758	203.933317	2.292769	0.003785	19.9
331	-1.041878	204.933310	2.282621	0.004273	19.9
332	-1.053147	205.000021	2.281947	0.005479	20.1
333	-1.050980	205.934571	2.272550	0.005828	20.7
334	-1.054478	205.922457	2.272671	0.013360	19.6
335	-1.047611	205.908785	2.272808	0.009108	19.3
336	-1.048172	206.908785	2.262836	0.013704	19.6
337	-1.050647	207.022894	2.261703	0.012376	19.1
338	-1.056870	208.022894	2.251828	0.005986	19.7
339	-1.052421	209.022894	2.242038	0.006506	19.9
340	-1.058069	209.019861	2.242068	0.004516	19.4
341	-1.050758	210.002058	2.232535	0.007576	21.2
342	-1.056022	209.988702	2.232664	0.003087	19.8
343	-1.054140	209.976337	2.232783	0.018745	22.1
344	-1.046326	210.320964	2.229457	0.003186	19.6
345	-1.044953	210.307290	2.229589	0.009403	19.5
346	-1.048343	211.190372	2.221109	0.005535	19.8
347	-1.049848	212.176659	2.211714	0.006531	20.1
348	-1.054539	213.176655	2.202270	0.004222	20.0
349	-1.046379	214.176250	2.192909	0.008342	19.7
350	-1.047648	214.226264	2.192443	0.006872	24.9
351	-1.045716	215.226264	2.183162	0.006411	19.2
352	-1.053021	216.217348	2.174041	0.014933	19.4
353	-1.049506	216.203674	2.174166	0.005616	19.7
354	-1.053909	216.190000	2.174291	0.010046	19.9
355	-1.057553	216.190896	2.174283	0.008020	20.4
356	-1.054930	216.177233	2.174408	0.011421	21.2
357	-1.046930	217.177232	2.165279	0.006406	23.9
358	-1.056819	218.177232	2.156226	0.015598	19.9
359	-1.058259	218.163558	2.156349	0.006665	19.3
360	-1.047182	219.163531	2.147371	0.015529	19.6
361	-1.046860	220.163521	2.138467	0.012117	20.1
362	-1.052158	220.149846	2.138588	0.008862	19.9
363	-1.063102	221.116997	2.130045	0.016255	20.2
364	-1.057612	222.116997	2.121284	0.004547	19.6
365	-1.049294	222.103323	2.121403	0.014980	21.6
366	-1.049978	223.103323	2.112713	0.005449	19.9
367	-1.045540	224.103323	2.104093	0.011502	20.2
368	-1.051795	224.089649	2.104210	0.009490	21.3
369	-1.055742	225.089649	2.095660	0.014681	21.3
370	-1.055850	226.089649	2.087178	0.009265	20.2
371	-1.051929	227.089649	2.078765	0.010386	19.6
372	-1.055754	228.089649	2.070420	0.013227	19.5
373	-1.039803	229.089649	2.062141	0.002856	19.4
374	-1.055305	230.077648	2.054027	0.004917	19.9
375	-1.053507	230.071231	2.054079	0.008810	19.4
376	-1.051604	230.057557	2.054191	0.007688	19.8
377	-1.046852	231.057552	2.046041	0.006354	20.1
378	-1.048203	231.043878	2.046152	0.005350	19.4
379	-1.058979	231.060104	2.046021	0.003617	20.1
380	-1.054084	231.460208	2.042778	0.009503	19.7
381	-1.051054	232.292806	2.036063	0.010441	19.1
382	-1.049678	233.292806	2.028056	0.005772	19.5
383	-1.048777	233.279624	2.028162	0.002772	19.8
384	-1.062465	233.289094	2.028086	0.008873	19.9
385	-1.060133	233.438079	2.026898	0.010577	19.7
386	-1.049704	234.438079	2.018963	0.005580	19.7
387	-1.056550	234.871096	2.015547	0.005310	19.6
388	-1.052167	234.921508	2.015150	0.002561	22.5
389	-1.047325	234.907889	2.015257	0.013448	19.6
390	-1.055276	235.461572	2.010906	0.002708	19.3
391	-1.057744	236.461513	2.003096	0.008661	24.8
392	-1.057509	236.582907	2.002152	0.002456	19.2
393	-1.062796	236.623254	2.001838	0.008056	19.4
394	-1.053559	236.610392	2.001938	0.001488	19.6
395	-1.053594	236.597408	2.002039	0.005618	19.7
396	-1.051593	236.584653	2.002138	0.009299	19.7
397	-1.041621	236.570979	2.002245	0.009845	19.5
398	-1.055118	236.557305	2.002351	0.001915	19.2
399	-1.049300	236.544186	2.002453	0.006112	20.1
400	-1.055502	236.567382	2.002273	0.011157	20.7
401	-1.048298	236.553708	2.002379	0.005461	21.9
402	-1.053000	236.540034	2.002485	0.010533	19.8
403	-1.050593	236.526359	2.002592	0.006045	19.5
404	-1.057164	237.526359	1.994846	0.008173	19.6
405	-1.056983	237.512686	1.994951	0.008823	19.6
406	-1.058212	238.512686	1.987264	0.004528	19.8
407	-1.052350	239.512678	1.979636	0.011828	19.8
408	-1.048087	239.499004	1.979739	0.005380	20.0
409	-1.058713	239.485330	1.979843	0.012333	19.9
410	-1.058435	239.488728	1.979818	0.007721	19.8
411	-1.054488	240.488727	1.972246	0.010511	19.7
412	-1.063615	241.488727	1.964733	0.006018	20.2
413	-1.045347	241.475053	1.964835	0.006681	21.5
414	-1.053134	241.461898	1.964933	0.014914	21.9
415	-1.048312	242.461836	1.957476	0.003042	19.2
416	-1.053692	242.448162	1.957577	0.004185	19.6
417	-1.057130	242.886147	1.954328	0.004417	19.6
418	-1.050373	242.875556	1.954407	0.006121	19.7
419	-1.050266	242.863203	1.954498	0.011274	19.5
420	-1.054695	242.849529	1.954599	0.001879	19.7
421	-1.046032	242.839524	1.954674	0.009084	19.7
422	-1.054042	242.871293	1.954438	0.004635	19.6
423	-1.056253	243.179574	1.952158	0.013103	19.9
424	-1.048736	244.179574	1.944796	0.012579	19.6
425	-1.053177	245.179574	1.937490	0.006157	19.7
426	-1.053263	246.179574	1.930238	0.005719	19.5
427	-1.049269	246.166283	1.930334	0.013812	20.1
428	-1.056712	246.322638	1.929205	0.011219	20.0
429	-1.044768	246.308973	1.929304	0.004977	19.8
430	-1.055608	247.308605	1.922116	0.006946	19.4
431	-1.055201	248.306647	1.914992	0.009988	19.5
432	-1.052222	249.306611	1.907908	0.004854	19.9
433	-1.058200	249.382124	1.907375	0.011204	21.9
434	-1.051738	250.382122	1.900347	0.004371	19.8
435	-1.056101	251.382121	1.893370	0.003098	19.5
436	-1.047840	252.110859	1.888318	0.008076	23.9
437	-1.055020	253.108495	1.881445	0.004746	20.5
438	-1.049866	253.094864	1.881539	0.004834	19.8
439	-1.043320	253.081195	1.881633	0.004963	19.9
440	-1.047840	253.083631	1.881616	0.008680	19.5
441	-1.049191	254.083629	1.874776	0.007843	20.1
442	-1.042175	255.083629	1.867985	0.004233	19.7
443	-1.048191	255.069955	1.868078	0.005623	19.4
444	-1.049155	255.061594	1.868134	0.007601	19.8
445	-1.051777	256.061594	1.861392	0.015545	20.8
446	-1.047216	256.047920	1.861484	0.002884	21.8
447	-1.049722	256.034245	1.861575	0.010392	20.0
448	-1.049982	257.034192	1.854880	0.003058	19.6
449	-1.049668	257.020520	1.854972	0.010335	19.4
450	-1.047338	257.100292	1.854439	0.004755	19.6
451	-1.049850	258.100213	1.847796	0.005280	20.4
452	-1.048735	258.086907	1.847884	0.005456	19.4
453	-1.046612	259.085388	1.841296	0.004536	19.8
454	-1.062758	259.092060	1.841252	0.008677	22.5
455	-1.055780	259.078385	1.841342	0.004261	21.4
456	-1.052478	259.065300	1.841428	0.019442	20.0
457	-1.045184	260.065300	1.834877	0.006273	19.6
458	-1.054703	261.065300	1.828371	0.004948	22.3
459	-1.050417	261.051630	1.828460	0.009294	22.3
460	-1.045612	261.039073	1.828541	0.002774	19.8
461	-1.043425	261.025402	1.828630	0.002936	20.1
462	-1.053441	261.012613	1.828713	0.007336	19.5
463	-1.048827	261.420107	1.826074	0.006839	19.5
464	-1.059384	261.406433	1.826163	0.017064	19.8
465	-1.052978	262.405401	1.819726	0.011781	19.7
466	-1.053143	263.405401	1.813328	0.002490	19.7
467	-1.050362	263.396302	1.813386	0.005514	19.9
468	-1.058984	263.385543	1.813454	0.007688	19.3
469	-1.057271	263.371869	1.813541	0.004804	19.6
470	-1.049751	264.371867	1.807186	0.005690	19.9
471	-1.053981	264.358193	1.807273	0.007629	19.9
472	-1.060675	265.358193	1.800962	0.004958	19.9
473	-1.049054	265.346733	1.801034	0.004351	20.0
474	-1.049189	265.478344	1.800206	0.018738	20.9
475	-1.051075	266.478343	1.793944	0.009042	19.7
476	-1.052343	267.478343	1.787726	0.011666	19.7
477	-1.048545	267.464669	1.787810	0.007539	19.4
478	-1.057042	268.464669	1.781634	0.011077	23.6
479	-1.046847	268.451088	1.781718	0.012895	19.3
480	-1.045260	269.451088	1.775583	0.007742	19.4
481	-1.046621	269.437414	1.775667	0.008969	22.3
482	-1.049906	269.423741	1.775751	0.005061	19.4
483	-1.057778	270.347669	1.770119	0.003902	19.6
484	-1.044694	270.334246	1.770201	0.007206	19.5
485	-1.043312	271.325613	1.764198	0.003765	19.3
486	-1.057743	271.311955	1.764280	0.009165	19.9
487	-1.052464	272.311925	1.758265	0.009587	19.9
488	-1.045931	272.450605	1.757434	0.006613	19.2
489	-1.053686	272.437040	1.757516	0.007727	20.0
490	-1.041355	272.423367	1.757597	0.006508	20.1
491	-1.053241	272.409693	1.757679	0.003900	20.2
492	-1.052151	272.396212	1.757760	0.003561	19.8
493	-1.051754	272.430930	1.757552	0.005731	19.7
494	-1.046230	273.374308	1.751920	0.007222	19.4
495	-1.044661	273.362765	1.751988	0.007563	20.4
496	-1.056457	273.350407	1.752062	0.004865	20.0
497	-1.056429	273.336732	1.752143	0.008924	19.4
498	-1.068264	274.336731	1.746211	0.004271	21.2
499	-1.062073	274.323057	1.746292	0.008814	19.8
500	-1.041939	275.323052	1.740398	0.004337	22.2
501	-1.052177	276.322939	1.734545	0.012153	19.9
502	-1.055805	276.309970	1.734621	0.012224	21.1
503	-1.057532	277.309970	1.728806	0.015122	19.7
504	-1.063976	277.296296	1.728886	0.004005	20.7
505	-1.055791	277.483370	1.727802	0.007785	19.3
506	-1.056176	277.469696	1.727881	0.006838	19.6
507	-1.056815	277.456022	1.727960	0.006230	19.7
508	-1.052166	277.442348	1.728039	0.007297	19.7
509	-1.052764	278.437971	1.722294	0.012161	19.5
510	-1.055382	278.917753	1.719539	0.002745	19.5
511	-1.043346	278.904328	1.719616	0.003513	20.1
512	-1.056993	278.930855	1.719463	0.005554	20.4
513	-1.051518	278.917201	1.719542	0.003196	19.8
514	-1.058989	279.036053	1.718861	0.006998	19.5
515	-1.049990	279.022379	1.718939	0.009442	19.5
516	-1.053883	280.022379	1.713229	0.013869	20.1
517	-1.055627	281.021609	1.707560	0.002803	19.4
518	-1.048688	281.007971	1.707638	0.002817	20.1
519	-1.057458	281.117793	1.707017	0.006801	19.3
520	-1.053960	282.089937	1.701542	0.007580	20.1
521	-1.060439	282.076263	1.701618	0.007478	19.4
522	-1.047961	283.076263	1.696022	0.004604	19.4
523	-1.053627	283.069076	1.696062	0.012843	23.4
524	-1.055325	283.055402	1.696139	0.005442	20.0
525	-1.062601	284.055402	1.690579	0.007108	19.3
526	-1.059362	285.053370	1.685066	0.003785	20.3
527	-1.052436	285.039705	1.685141	0.007627	19.7
528	-1.054008	285.966242	1.680055	0.005235	19.4
529	-1.053510	285.952581	1.680130	0.005442	19.7
530	-1.050229	286.667170	1.676227	0.003584	20.0
531	-1.045786	287.554278	1.671408	0.007935	19.1
532	-1.049102	288.536114	1.666107	0.009238	19.8
533	-1.057696	289.511199	1.660875	0.002662	19.8
534	-1.048862	290.172427	1.657345	0.008211	19.8
535	-1.042506	291.076902	1.652542	0.006237	20.7
536	-1.055947	291.063228	1.652614	0.002464	20.4
537	-1.058139	291.388047	1.650896	0.007637	20.1
538	-1.053503	291.394584	1.650861	0.006345	19.8
539	-1.056383	291.380910	1.650934	0.008771	19.7
540	-1.049950	292.380910	1.645665	0.008269	20.3
541	-1.050133	293.380910	1.640431	0.008059	19.9
542	-1.049841	294.380910	1.635229	0.006002	28.7
543	-1.060584	295.380910	1.630061	0.009137	19.4
544	-1.050578	296.380909	1.624925	0.006946	19.5
545	-1.054032	296.397932	1.624838	0.002010	23.3
546	-1.053525	296.422115	1.624714	0.003457	23.5
547	-1.051845	296.410429	1.624774	0.007220	19.7
548	-1.049412	296.396757	1.624844	0.004442	23.2
549	-1.052128	296.525156	1.624187	0.007210	19.5
550	-1.053057	296.511482	1.624257	0.005839	19.4
551	-1.049636	297.509830	1.619166	0.015276	19.4
552	-1.057553	298.509760	1.614098	0.012821	19.7
553	-1.050258	299.509760	1.609062	0.004343	20.1
554	-1.055800	300.349942	1.604855	0.008245	19.2
555	-1.056021	301.348700	1.599883	0.014717	19.3
556	-1.052245	302.116135	1.596083	0.010594	19.6
557	-1.055985	303.116135	1.591159	0.002734	20.2
558	-1.045876	303.102563	1.591225	0.008357	19.7
559	-1.051709	304.092795	1.586378	0.016635	19.7
560	-1.046803	304.079121	1.586445	0.010422	19.2
561	-1.053431	305.079121	1.581580	0.008499	19.7
562	-1.048860	305.065447	1.581646	0.009365	19.5
563	-1.051451	305.051773	1.581712	0.007896	19.7
564	-1.054570	305.038099	1.581779	0.007595	19.6
565	-1.055333	306.038099	1.576942	0.009292	19.8
566	-1.039733	307.038099	1.572135	0.006996	19.8
567	-1.045346	307.024425	1.572200	0.005755	19.5
568	-1.045019	307.010776	1.572266	0.004574	24.0
569	-1.056266	307.974993	1.567658	0.002552	19.4
570	-1.036879	307.966699	1.567697	0.007055	23.1
571	-1.055357	307.953069	1.567762	0.004230	21.9
572	-1.053914	307.939519	1.567827	0.016168	19.6
573	-1.043408	308.938319	1.563080	0.006438	19.8
574	-1.044389	309.938319	1.558357	0.011360	19.5
575	-1.059362	309.924645	1.558422	0.005572	19.4
576	-1.055226	310.923272	1.553733	0.010817	19.4
577	-1.055699	311.923272	1.549066	0.004529	19.9
578	-1.048174	311.909598	1.549130	0.003565	22.5
579	-1.047573	311.914624	1.549106	0.008689	20.3
580	-1.050157	312.914176	1.544469	0.006835	21.0
581	-1.055979	313.914176	1.539858	0.006963	20.4
582	-1.053210	313.900513	1.539920	0.004183	19.9
583	-1.056635	314.564441	1.536874	0.008378	19.5
584	-1.042273	314.554393	1.536920	0.008858	19.4
585	-1.051276	314.669612	1.536392	0.009289	20.4
586	-1.053067	314.655938	1.536455	0.010519	21.3
587	-1.056469	314.642264	1.536517	0.010481	19.9
588	-1.058934	315.176012	1.534078	0.013080	19.6
589	-1.048415	315.162338	1.534140	0.011203	19.5
590	-1.049012	316.161890	1.529592	0.010402	21.2
591	-1.050449	317.161887	1.525069	0.017882	20.0
592	-1.059819	318.161887	1.520572	0.007730	19.9
593	-1.059099	319.161887	1.516102	0.007494	22.0
594	-1.054733	319.148213	1.516163	0.012285	19.6
595	-1.045956	320.148213	1.511719	0.006252	19.6
596	-1.044609	321.148213	1.507300	0.007127	19.8
597	-1.058824	321.134539	1.507361	0.004378	19.8
598	-1.048197	321.120865	1.507421	0.006023	20.0
599	-1.051760	321.107244	1.507481	0.007543	19.5
600	-1.050124	322.107237	1.503087	0.008748	19.6
601	-1.051509	323.107237	1.498719	0.005294	19.6
602	-1.047650	323.112387	1.498697	0.007261	19.7
603	-1.056623	323.098713	1.498756	0.012582	19.8
604	-1.047630	323.085039	1.498816	0.009107	19.7
605	-1.051333	324.085039	1.494473	0.007612	19.3
606	-1.045438	324.071365	1.494532	0.006729	19.9
607	-1.052840	325.071365	1.490213	0.007653	21.6
608	-1.063165	326.071310	1.485920	0.009527	19.7
609	-1.062830	327.071310	1.481651	0.010514	20.5
610	-1.047734	328.069600	1.477414	0.011266	19.7
611	-1.036770	328.055926	1.477471	0.010702	19.6
612	-1.039704	328.042252	1.477529	0.007799	23.0
613	-1.048247	329.042252	1.473308	0.008514	19.3
614	-1.051393	329.028578	1.473366	0.004153	19.5
615	-1.053917	330.027687	1.469172	0.008432	21.6
616	-1.052163	330.014013	1.469230	0.007437	21.5
617	-1.054961	331.012773	1.465061	0.006156	19.6
618	-1.039516	332.007967	1.460931	0.008232	19.5
619	-1.046418	333.007951	1.456804	0.007983	19.6
620	-1.050225	333.995396	1.452752	0.014708	19.6
621	-1.050793	333.981722	1.452808	0.009640	20.2
622	-1.049986	333.968052	1.452864	0.011670	19.7
623	-1.048140	333.954378	1.452920	0.014932	19.8
624	-1.057551	333.940704	1.452976	0.005418	19.8
625	-1.037580	333.927030	1.453031	0.004318	21.2
626	-1.051039	333.916569	1.453074	0.014193	19.9
627	-1.062122	333.902905	1.453130	0.004276	20.1
628	-1.047420	334.902897	1.449047	0.005342	19.5
629	-1.051448	334.889224	1.449103	0.007419	19.5
630	-1.055538	335.889221	1.445043	0.005318	21.0
631	-1.053067	335.876539	1.445094	0.011018	19.8
632	-1.063649	336.876475	1.441056	0.016284	19.4
633	-1.047166	337.876475	1.437041	0.003629	19.4
634	-1.048998	338.876475	1.433048	0.003041	21.5
635	-1.057827	338.862902	1.433102	0.009140	20.4
636	-1.058712	339.862174	1.429133	0.009779	20.0
637	-1.060825	340.862174	1.425184	0.005016	21.1
638	-1.061213	341.862162	1.421256	0.003722	21.4
639	-1.055385	341.848971	1.421308	0.005876	19.8
640	-1.044063	342.771789	1.417702	0.001974	19.8
641	-1.053908	342.769484	1.417711	0.006703	19.7
642	-1.046109	342.777892	1.417679	0.006236	19.5
643	-1.043797	343.777760	1.413793	0.006077	19.8
644	-1.051522	343.764086	1.413846	0.007056	19.9
645	-1.050731	344.763915	1.409981	0.012034	19.4
646	-1.053304	345.763915	1.406137	0.005347	19.4
647	-1.049220	345.750252	1.406189	0.009722	19.6
648	-1.038498	346.745009	1.402385	0.005859	20.2
649	-1.048537	346.731337	1.402437	0.011651	19.7
650	-1.047296	346.717663	1.402489	0.011023	19.9
651	-1.045414	347.717663	1.398686	0.005984	19.6
652	-1.050783	348.717663	1.394903	0.003183	20.6
653	-1.052634	348.771157	1.394701	0.006618	19.5
654	-1.064307	348.760828	1.394740	0.009505	19.6
655	-1.044376	349.246327	1.392911	0.007654	19.3
656	-1.056118	349.246770	1.392909	0.003186	19.7
657	-1.056412	350.240834	1.389179	0.011397	23.3
658	-1.050437	351.240826	1.385448	0.007679	19.4
659	-1.041533	351.227158	1.385498	0.012530	19.4
660	-1.050904	352.227158	1.381786	0.007348	21.3
661	-1.060755	353.130830	1.378449	0.008062	20.6
662	-1.042467	354.130830	1.374774	0.011975	19.7
663	-1.060645	354.117156	1.374824	0.007994	19.5
664	-1.056100	354.103488	1.374874	0.012292	19.6
665	-1.065255	354.974617	1.371689	0.008372	19.8
666	-1.055698	354.960943	1.371739	0.010380	20.4
667	-1.050306	355.960943	1.368100	0.004492	19.3
668	-1.054596	355.947269	1.368149	0.010398	19.6
669	-1.046102	355.933595	1.368199	0.005940	20.3
670	-1.054027	356.933561	1.364579	0.008431	21.4
671	-1.055898	356.919887	1.364628	0.010031	20.0
672	-1.054068	356.906213	1.364678	0.009431	19.8
673	-1.058863	357.906213	1.361076	0.013281	20.5
674	-1.057104	357.892539	1.361125	0.007620	20.5
675	-1.056079	358.892539	1.357542	0.009184	19.3
676	-1.056677	359.853883	1.354116	0.008202	19.4
677	-1.050704	359.840209	1.354164	0.006573	20.8
678	-1.040861	359.869483	1.354060	0.009852	20.6
679	-1.046800	359.855809	1.354109	0.002345	20.0
680	-1.051863	359.847259	1.354139	0.008077	20.0
681	-1.047449	360.813874	1.350711	0.007979	19.9
682	-1.058797	361.813874	1.347182	0.004835	19.1
683	-1.051556	361.800219	1.347231	0.010040	22.9
684	-1.038351	362.800219	1.343720	0.009055	19.8
685	-1.055403	363.800193	1.340228	0.001528	20.0
686	-1.051956	363.850959	1.340052	0.010504	19.4
687	-1.058389	363.838419	1.340095	0.007200	19.3
688	-1.048899	363.824745	1.340143	0.004526	19.6
689	-1.047892	363.811074	1.340191	0.009940	19.2
690	-1.044025	363.798893	1.340233	0.012552	19.5
691	-1.060453	364.798893	1.336759	0.006623	19.6
692	-1.045363	364.785219	1.336806	0.011562	20.9
693	-1.055094	365.785219	1.333350	0.012046	19.9
694	-1.047365	365.771545	1.333397	0.010243	20.0
695	-1.045197	366.771545	1.329959	0.011004	19.1
696	-1.052729	366.757871	1.330006	0.004965	19.5
697	-1.043949	366.744218	1.330052	0.007576	20.1
698	-1.043501	366.742301	1.330059	0.010549	19.4
699	-1.053912	367.742301	1.326638	0.009624	19.7
700	-1.055759	368.742301	1.323234	0.005381	19.4
701	-1.050503	369.742301	1.319847	0.013348	19.3
702	-1.046470	369.731697	1.319883	0.003020	22.7
703	-1.050260	370.731435	1.316515	0.010902	19.5
704	-1.055765	371.731319	1.313163	0.004849	19.7
705	-1.047916	371.725738	1.313181	0.003938	20.8
706	-1.051461	372.294247	1.311283	0.006429	22.6
707	-1.052279	373.282579	1.307996	0.012274	19.2
708	-1.051035	374.281525	1.304691	0.003816	19.4
709	-1.046943	374.267874	1.304736	0.011411	19.8
710	-1.047186	374.254200	1.304781	0.006991	20.4
711	-1.054350	374.240525	1.304826	0.002598	19.7
712	-1.052150	374.226932	1.304871	0.007202	19.3
713	-1.060370	374.225206	1.304877	0.001833	19.5
714	-1.053688	374.499116	1.303973	0.006197	20.5
715	-1.048965	374.497907	1.303977	0.003279	21.3
716	-1.049850	374.938594	1.302526	0.009176	35.7
717	-1.052951	374.925305	1.302569	0.011466	19.9
718	-1.050111	375.811721	1.299660	0.008526	20.9
719	-1.053880	376.811721	1.296393	0.008641	20.0
720	-1.054072	376.798047	1.296437	0.006229	19.6
721	-1.044183	376.872477	1.296195	0.016236	19.3
722	-1.051267	377.872477	1.292945	0.008789	21.3
723	-1.050610	378.872477	1.289712	0.004102	19.6
724	-1.049411	378.858803	1.289756	0.005105	23.1
725	-1.048422	378.909181	1.289593	0.002471	19.4
726	-1.051629	379.244279	1.288513	0.003324	19.7
727	-1.058104	379.375728	1.288090	0.009340	23.2
728	-1.052030	379.362119	1.288134	0.002835	19.5
729	-1.053979	379.350022	1.288173	0.008807	19.5
730	-1.047663	379.336717	1.288216	0.007301	19.7
731	-1.051941	379.323042	1.288260	0.005833	19.6
732	-1.048606	379.309368	1.288304	0.015303	19.8
733	-1.057378	380.309323	1.285094	0.007598	19.5
734	-1.049530	381.308641	1.281902	0.009766	19.9
735	-1.054531	381.294967	1.281945	0.006890	19.5
736	-1.053836	382.294967	1.278767	0.009052	19.8
737	-1.057264	382.281293	1.278810	0.003639	19.4
738	-1.045719	382.269651	1.278847	0.007788	19.9
739	-1.054173	382.255979	1.278890	0.008399	19.8
740	-1.052098	383.255978	1.275727	0.008886	19.9
741	-1.057838	383.242304	1.275770	0.012400	19.4
742	-1.045233	384.241561	1.272624	0.009592	19.9
743	-1.046924	385.241561	1.269491	0.009015	19.8
744	-1.051266	386.241561	1.266374	0.003186	19.4
745	-1.051414	386.591225	1.265288	0.004153	19.6
746	-1.056012	386.577798	1.265329	0.012802	20.0
747	-1.050857	387.577798	1.262232	0.004680	19.8
748	-1.060078	387.564124	1.262275	0.002415	19.8
749	-1.044821	387.626217	1.262083	0.008082	20.9
750	-1.043848	387.612548	1.262125	0.009012	22.5
751	-1.062467	388.612548	1.259044	0.010877	19.6
752	-1.059443	389.612548	1.255978	0.006708	19.6
753	-1.050395	390.612548	1.252926	0.007828	19.7
754	-1.055045	391.612508	1.249890	0.011769	23.4
755	-1.053145	392.421650	1.247443	0.006296	19.8
756	-1.050865	393.421650	1.244433	0.002731	19.9
757	-1.050395	394.374193	1.241580	0.007876	19.4
758	-1.054159	394.365206	1.241607	0.013775	19.9
759	-1.047566	394.351532	1.241647	0.005916	21.8
760	-1.058377	395.351477	1.238665	0.003659	19.7
761	-1.047870	395.337808	1.238706	0.011038	19.8
762	-1.055226	396.332434	1.235754	0.008441	20.9
763	-1.059090	396.318760	1.235794	0.007812	19.9
764	-1.056844	397.318732	1.232840	0.003823	19.7
765	-1.047309	397.305086	1.232880	0.002004	19.8
766	-1.057506	397.293801	1.232914	0.004072	19.4
767	-1.053773	397.280671	1.232952	0.005503	19.9
768	-1.043790	397.267039	1.232993	0.002646	21.6
769	-1.046304	397.264211	1.233001	0.003434	19.4
770	-1.048877	397.252937	1.233034	0.011432	20.0
771	-1.049862	397.239266	1.233074	0.004474	19.7
772	-1.043413	398.234014	1.230149	0.005182	22.0
773	-1.048129	398.915336	1.228153	0.012773	19.4
774	-1.056208	399.915299	1.225235	0.008883	19.5
775	-1.054987	400.915299	1.222331	0.011444	19.8
776	-1.047264	401.915080	1.219441	0.003254	19.9
777	-1.050947	401.901409	1.219481	0.004023	19.5
778	-1.045154	402.014103	1.219156	0.007410	19.7
779	-1.050798	402.000429	1.219195	0.009788	19.9
780	-1.053187	401.986755	1.219235	0.003261	20.2
781	-1.053265	401.973094	1.219274	0.004690	20.4
782	-1.053428	401.973283	1.219274	0.006770	19.9
783	-1.051818	401.967737	1.219290	0.005280	19.4
784	-1.049411	401.954168	1.219329	0.004806	19.7
785	-1.054957	402.458203	1.217877	0.011896	19.5
786	-1.051415	402.444529	1.217917	0.004810	19.5
787	-1.052474	403.444529	1.215047	0.012997	20.0
788	-1.051550	403.430855	1.215086	0.002615	19.7
789	-1.053702	403.434250	1.215077	0.006161	19.6
790	-1.059991	403.592465	1.214624	0.008728	19.5
791	-1.046298	404.592461	1.211770	0.011148	23.7
792	-1.042536	404.578787	1.211809	0.008758	19.9
793	-1.047167	404.565113	1.211848	0.003407	19.7
794	-1.041859	404.551440	1.211887	0.010211	21.2
795	-1.046019	405.423689	1.209408	0.009841	21.0
796	-1.049914	405.410015	1.209447	0.003879	19.8
797	-1.050488	405.396341	1.209485	0.005870	19.6
798	-1.053763	405.433458	1.209380	0.005534	20.4
799	-1.055628	405.419784	1.209419	0.002440	23.6
800	-1.051177	405.485424	1.209233	0.009258	20.1
801	-1.055681	405.505602	1.209176	0.009501	19.6
802	-1.047935	405.491928	1.209214	0.006230	19.5
803	-1.051214	405.478254	1.209253	0.008821	21.8
804	-1.043892	406.478247	1.206424	0.005663	19.7
805	-1.049259	407.478247	1.203609	0.009090	20.2
806	-1.041366	408.478247	1.200806	0.010624	20.7
807	-1.044057	409.478247	1.198017	0.014842	20.1
808	-1.064214	410.478247	1.195240	0.005656	20.3
809	-1.044547	411.478247	1.192477	0.014436	20.0
810	-1.055551	412.478247	1.189726	0.013304	20.3
811	-1.052083	412.464573	1.189763	0.008688	21.8
812	-1.043194	413.464573	1.187025	0.007516	20.4
813	-1.050259	414.464573	1.184299	0.006532	23.2
814	-1.049809	415.459817	1.181598	0.013398	19.5
815	-1.058297	416.459817	1.178897	0.003992	19.5
816	-1.041491	416.446143	1.178934	0.008340	26.5
817	-1.047941	417.295762	1.176649	0.003981	19.7
818	-1.056380	418.208732	1.174203	0.009967	19.9
819	-1.048634	418.195061	1.174239	0.005857	19.4
820	-1.042027	419.032244	1.172005	0.002553	19.6
821	-1.046874	419.864140	1.169794	0.004120	20.3
822	-1.051123	419.859853	1.169805	0.013207	19.5
823	-1.052646	419.910577	1.169671	0.004482	19.5
824	-1.050279	420.910577	1.167024	0.010390	19.6
825	-1.056479	420.968025	1.166872	0.003861	20.0
826	-1.046550	421.733641	1.164854	0.006355	19.8
827	-1.049181	422.613110	1.162545	0.002949	19.8
828	-1.055010	422.602345	1.162573	0.008973	19.7
829	-1.045527	422.588762	1.162609	0.006141	19.7
830	-1.053989	423.588761	1.159994	0.005083	19.9
831	-1.048499	423.575218	1.160029	0.007292	19.3
832	-1.041588	424.575126	1.157426	0.007132	19.6
833	-1.054696	424.561628	1.157461	0.005225	20.1
834	-1.052277	425.560243	1.154873	0.008580	19.3
835	-1.053808	426.560194	1.152292	0.010944	20.2
836	-1.047532	427.560194	1.149723	0.006765	21.9
837	-1.050622	427.546520	1.149758	0.005677	19.5
838	-1.048216	428.546153	1.147202	0.004266	21.1
839	-1.048905	428.533785	1.147233	0.011094	22.8
840	-1.049537	428.532194	1.147237	0.008451	19.6
841	-1.055756	428.518520	1.147272	0.007863	20.6
842	-1.049301	428.504846	1.147307	0.008506	19.4
843	-1.037104	429.504846	1.144760	0.002161	19.4
844	-1.045737	429.491176	1.144795	0.011849	19.7
845	-1.055810	429.477504	1.144830	0.003446	19.6
846	-1.055851	430.192058	1.143017	0.007391	19.7
847	-1.055818	430.178391	1.143052	0.002227	20.6
848	-1.060384	430.414929	1.142453	0.013639	21.0
849	-1.059485	430.401282	1.142487	0.004618	20.2
850	-1.053180	431.401282	1.139962	0.007356	22.8
851	-1.059067	431.387608	1.139996	0.014658	19.8
852	-1.043510	432.387608	1.137482	0.008903	19.5
853	-1.051088	433.387608	1.134978	0.007726	19.9
854	-1.045584	433.384616	1.134986	0.007270	20.4
855	-1.058987	434.384616	1.132494	0.002060	19.6
856	-1.060012	434.985040	1.131002	0.006520	19.3
857	-1.050369	434.971577	1.131036	0.004941	19.5
858	-1.050622	435.164536	1.130557	0.011811	20.4
859	-1.046476	436.164502	1.128084	0.002312	19.3
860	-1.057371	436.201284	1.127994	0.007787	19.7
861	-1.049264	436.759326	1.126619	0.003973	23.1
862	-1.051678	436.781254	1.126565	0.009041	19.4
863	-1.046098	436.780262	1.126567	0.004901	20.0
864	-1.053753	436.766588	1.126601	0.005067	19.6
865	-1.042684	437.730373	1.124234	0.004954	19.5
866	-1.056964	438.688823	1.121890	0.013963	19.9
867	-1.048924	438.901629	1.121371	0.006461	19.6
868	-1.055940	438.891004	1.121396	0.002561	19.5
869	-1.046756	438.877463	1.121429	0.006563	19.5
870	-1.057772	438.864049	1.121462	0.013334	20.0
871	-1.051248	439.864049	1.119029	0.003914	20.6
872	-1.050647	439.850375	1.119062	0.003858	21.4
873	-1.053543	439.848445	1.119067	0.005199	19.3
874	-1.047225	440.450864	1.117606	0.002801	19.9
875	-1.042315	440.497623	1.117493	0.001705	19.9
876	-1.053817	440.486172	1.117520	0.004738	19.5
877	-1.051139	440.479470	1.117536	0.004843	19.4
878	-1.054606	441.435597	1.115226	0.006117	19.6
879	-1.049486	441.422057	1.115259	0.005265	19.5
880	-1.040122	441.440132	1.115215	0.005509	19.7
881	-1.048274	441.426694	1.115247	0.007069	19.6
882	-1.050242	442.426693	1.112841	0.008019	20.0
883	-1.052120	443.426563	1.110445	0.009315	21.4
884	-1.053911	443.412889	1.110478	0.001455	22.1
885	-1.051625	443.868455	1.109389	0.014507	19.7
886	-1.044524	443.854789	1.109422	0.006522	20.4
887	-1.040492	443.841115	1.109455	0.010425	20.0
888	-1.051763	444.287642	1.108390	0.011664	19.6
889	-1.059643	445.287642	1.106013	0.007287	19.4
890	-1.051618	446.287642	1.103646	0.004916	20.1
891	-1.044738	446.273971	1.103678	0.009141	19.6
892	-1.062495	446.260297	1.103711	0.016024	20.1
893	-1.052628	447.260253	1.101354	0.009685	21.0
894	-1.042335	447.246579	1.101386	0.009201	20.1
895	-1.053735	448.243206	1.099047	0.002520	20.2
896	-1.056057	448.229705	1.099078	0.003429	19.6
897	-1.051105	448.222957	1.099094	0.007556	19.6
898	-1.054814	448.948542	1.097397	0.008544	20.3
899	-1.052070	449.927614	1.095116	0.005166	19.6
900	-1.047447	449.913940	1.095147	0.010800	20.3
901	-1.056950	449.900266	1.095179	0.005960	19.3
902	-1.049313	449.886592	1.095211	0.016635	19.5
903	-1.048265	450.886592	1.092890	0.009231	21.9
904	-1.044469	450.872920	1.092922	0.009108	20.2
905	-1.054409	451.872893	1.090611	0.013000	19.5
906	-1.056511	451.889894	1.090571	0.008678	23.0
907	-1.055110	452.889894	1.088270	0.003205	19.4
908	-1.050606	453.883032	1.085994	0.007576	19.8
909	-1.045050	453.869358	1.086025	0.004335	19.5
910	-1.044883	454.311144	1.085016	0.010031	19.8
911	-1.048871	455.311144	1.082738	0.008265	19.8
912	-1.055662	456.311144	1.080470	0.004906	20.9
913	-1.053953	457.309077	1.078215	0.008909	19.2
914	-1.056621	457.295403	1.078246	0.006133	19.7
915	-1.054808	458.295403	1.075996	0.003881	19.6
916	-1.057238	459.289294	1.073770	0.002467	19.6
917	-1.049812	459.528624	1.073235	0.008827	19.7
918	-1.061224	459.514957	1.073266	0.003298	19.9
919	-1.055324	459.501290	1.073296	0.005406	19.4
920	-1.047191	459.514998	1.073265	0.011151	19.7
921	-1.050770	460.514998	1.071037	0.017044	19.7
922	-1.051395	460.501324	1.071067	0.012142	19.2
923	-1.059898	461.501324	1.068847	0.010180	19.4
924	-1.050756	462.501324	1.066636	0.004853	19.9
925	-1.055528	463.501323	1.064435	0.009738	19.6
926	-1.056636	463.487733	1.064465	0.009341	20.4
927	-1.057424	463.474059	1.064495	0.005681	20.5
928	-1.048638	464.474059	1.062302	0.003618	21.0
929	-1.054016	465.286071	1.060528	0.008140	22.7
930	-1.053817	466.279847	1.058365	0.009671	19.9
931	-1.053999	466.266173	1.058395	0.005508	19.8
932	-1.038944	466.253108	1.058424	0.010768	19.9
933	-1.057255	466.303049	1.058315	0.008223	19.6
934	-1.050843	466.289375	1.058345	0.009663	19.5
935	-1.047448	467.289375	1.056177	0.010697	19.5
936	-1.053476	468.289375	1.054019	0.004107	19.3
937	-1.053019	469.287302	1.051873	0.003531	20.3
938	-1.049059	469.617002	1.051166	0.004217	21.0
939	-1.055938	469.672098	1.051048	0.003459	21.2
940	-1.054025	469.681615	1.051028	0.002755	19.9
941	-1.055183	469.691057	1.051008	0.010190	20.0
942	-1.057829	469.700507	1.050988	0.011495	19.5
943	-1.063420	470.700507	1.048850	0.005083	20.2
944	-1.055286	470.688609	1.048876	0.007791	20.3
945	-1.052651	470.674935	1.048905	0.007234	19.6
946	-1.045485	470.661261	1.048934	0.017548	19.6
947	-1.046481	471.661261	1.046805	0.006397	19.2
948	-1.049225	472.661261	1.044684	0.008266	21.6
949	-1.058519	472.647650	1.044713	0.012577	19.7
950	-1.047351	473.647650	1.042601	0.008314	19.2
951	-1.047978	473.634453	1.042629	0.009308	23.1
952	-1.044146	474.531188	1.040742	0.007330	19.8
953	-1.049653	475.531188	1.038646	0.006660	19.8
954	-1.053503	475.523309	1.038663	0.003454	19.7
955	-1.040294	475.736257	1.038217	0.003821	19.8
956	-1.058955	475.722616	1.038246	0.006808	19.6
957	-1.055226	476.719707	1.036166	0.007026	19.9
958	-1.047808	477.387902	1.034777	0.007403	20.1
959	-1.057801	478.387902	1.032705	0.008327	19.7
960	-1.041783	478.374228	1.032733	0.005501	19.8
961	-1.054533	479.374179	1.030669	0.002436	19.8
962	-1.056528	479.361473	1.030695	0.012257	19.6
963	-1.046933	480.177727	1.029016	0.004461	19.6
964	-1.043197	480.164053	1.029045	0.008523	19.4
965	-1.047276	480.150379	1.029073	0.008507	19.8
966	-1.050202	481.150371	1.027023	0.009107	19.8
967	-1.047125	482.150371	1.024982	0.009113	19.3
968	-1.046510	483.150371	1.022949	0.004151	19.6
969	-1.054173	483.136697	1.022977	0.005890	19.6
970	-1.055292	483.123030	1.023005	0.009618	19.7
971	-1.040700	484.123030	1.020979	0.006256	21.4
972	-1.054587	484.743711	1.019726	0.009970	19.6
973	-1.060798	485.743711	1.017714	0.007291	21.0
974	-1.045371	486.743711	1.015710	0.005371	23.4
975	-1.053947	486.730039	1.015737	0.003209	19.4
976	-1.047842	487.697517	1.013805	0.006644	19.6
977	-1.052443	488.689468	1.011832	0.010666	19.4
978	-1.050055	488.675793	1.011859	0.006075	20.0
979	-1.049338	489.673954	1.009881	0.008497	20.2
980	-1.049600	490.673954	1.007908	0.006531	20.4
981	-1.039869	491.671322	1.005947	0.005854	19.6
982	-1.051261	492.670496	1.003990	0.007679	21.3
983	-1.049849	493.670495	1.002039	0.011951	23.1
984	-1.045994	493.656821	1.002066	0.003369	25.2
985	-1.046958	493.643147	1.002093	0.008181	19.5
986	-1.054227	493.658730	1.002062	0.008121	19.7
987	-1.046547	493.645056	1.002089	0.006493	34.7
988	-1.048245	494.640856	1.000154	0.002887	26.5
989	-1.057059	495.485502	0.998518	0.006640	27.3
990	-1.053226	495.479220	0.998530	0.002315	36.7
991	-1.061943	495.466034	0.998556	0.004511	25.5
992	-1.060537	495.467699	0.998553	0.005717	29.1
993	-1.044119	495.454026	0.998579	0.001242	35.9
994	-1.047944	495.445466	0.998596	0.004544	36.8
995	-1.054756	495.444115	0.998598	0.010558	36.8
996	-1.052749	495.442814	0.998601	0.006444	36.8
997	-1.051213	496.442336	0.996672	0.010260	37.2
998	-1.049900	496.428662	0.996698	0.010123	32.0
999	-1.052345	497.428662	0.994776	0.004901	37.0
