1:ItNr	2:Metric	3a:Time	3b:StepSize	4:||Gradient||	Time[ms]
0	-0.849387	0.000000	36.606589	0.075238	635.5
1	-0.899742	0.000000	36.606589	0.050509	21.8
2	-0.903362	1.000000	34.942653	0.051604	24.3
3	-0.910832	2.000000	33.423408	0.055416	21.6
4	-0.921653	3.000000	32.030766	0.052933	22.1
5	-0.932572	4.000000	30.749535	0.050215	21.2
6	-0.925942	5.000000	29.566861	0.047623	20.6
7	-0.957961	6.000000	28.471792	0.046084	19.2
8	-0.959228	7.000000	27.454942	0.046150	20.2
9	-0.968412	8.000000	26.508220	0.040620	20.1
10	-0.977957	9.000000	25.624612	0.038312	20.4
11	-0.976526	10.000000	24.798012	0.036024	21.0
12	-0.988700	11.000000	24.023074	0.028009	20.0
13	-0.990620	12.000000	23.295102	0.022644	19.5
14	-0.992738	13.000000	22.609952	0.018124	19.6
15	-0.992587	14.000000	21.963954	0.012825	19.0
16	-0.996398	13.989026	21.970842	0.010873	20.1
17	-0.999442	13.978052	21.977735	0.010744	19.5
18	-0.998943	13.967078	21.984633	0.011564	19.5
19	-1.010120	13.956104	21.991534	0.012132	19.0
20	-1.008761	13.945130	21.998441	0.012370	21.9
21	-1.008698	13.934157	22.005351	0.014577	21.0
22	-1.013190	13.923183	22.012266	0.018715	19.2
23	-1.016309	14.923183	21.399506	0.018396	19.1
24	-1.013962	15.923183	20.819938	0.013173	22.9
25	-1.026614	16.923183	20.270935	0.010193	19.8
26	-1.020178	16.912209	20.276803	0.010045	19.2
27	-1.028393	16.901235	20.282674	0.010389	19.1
28	-1.022048	16.890261	20.288548	0.011241	19.3
29	-1.027888	16.879287	20.294426	0.014599	19.3
30	-1.032219	16.868313	20.300307	0.017719	19.1
31	-1.027448	17.868313	19.778023	0.017478	19.5
32	-1.026765	18.868313	19.281939	0.021267	20.5
33	-1.028649	19.868313	18.810132	0.025620	19.6
34	-1.028318	20.868313	18.360863	0.029072	19.3
35	-1.025490	21.868313	17.932555	0.036253	19.3
36	-1.025883	22.868313	17.523773	0.037256	35.7
37	-1.038427	23.868313	17.133213	0.035791	19.4
38	-1.032355	24.868313	16.759683	0.032792	20.6
39	-1.033408	25.868313	16.402092	0.027139	19.2
40	-1.039505	26.868313	16.059441	0.022296	22.9
41	-1.029675	27.868313	15.730815	0.019258	29.0
42	-1.042252	28.868313	15.415368	0.013244	22.9
43	-1.036756	29.868313	15.112323	0.007305	19.2
44	-1.046457	29.857339	15.115584	0.007428	19.8
45	-1.041504	29.846365	15.118846	0.010153	19.3
46	-1.042822	29.835391	15.122110	0.008789	19.8
47	-1.046333	29.824418	15.125375	0.007792	19.1
48	-1.048414	29.813444	15.128642	0.007617	19.4
49	-1.057342	29.802470	15.131909	0.009265	19.3
50	-1.053183	29.791496	15.135179	0.010828	19.3
51	-1.051802	30.221038	15.008254	0.012164	19.0
52	-1.049994	31.221038	14.720856	0.013192	19.1
53	-1.048184	32.221038	14.444257	0.012925	20.0
54	-1.056246	33.221038	14.177862	0.009506	19.7
55	-1.047396	34.221038	13.921114	0.006660	20.5
56	-1.051473	34.210064	13.923881	0.006904	19.8
57	-1.049406	34.199091	13.926649	0.010520	20.0
58	-1.051771	34.188117	13.929419	0.007558	19.4
59	-1.059498	34.177143	13.932189	0.007117	19.5
60	-1.048797	34.166169	13.934960	0.007881	19.5
61	-1.057330	34.155195	13.937733	0.006724	19.5
62	-1.048441	34.144221	13.940507	0.011091	19.5
63	-1.051164	34.133247	13.943281	0.013490	19.1
64	-1.062160	35.133247	13.694885	0.011363	19.3
65	-1.051522	36.133247	13.455184	0.012162	22.5
66	-1.061519	37.133247	13.223730	0.012158	19.9
67	-1.054546	38.133247	13.000104	0.014559	19.0
68	-1.057184	39.133247	12.783916	0.013192	22.3
69	-1.061804	40.133247	12.574800	0.017211	19.6
70	-1.054188	41.133247	12.372416	0.019479	19.4
71	-1.049453	42.133247	12.176443	0.012755	20.4
72	-1.059611	43.133247	11.986581	0.009573	19.1
73	-1.057250	44.133247	11.802550	0.007140	19.4
74	-1.060968	44.122273	11.804538	0.008510	19.3
75	-1.056856	45.122273	11.626012	0.005814	19.8
76	-1.064252	45.111299	11.627942	0.005667	22.4
77	-1.062973	45.100325	11.629873	0.004757	20.0
78	-1.057072	45.089352	11.631804	0.006366	19.5
79	-1.059632	45.078378	11.633736	0.005694	19.7
80	-1.060290	45.067404	11.635668	0.006320	19.7
81	-1.053947	45.056430	11.637601	0.004518	19.5
82	-1.068049	45.045456	11.639535	0.005363	19.5
83	-1.056799	45.034482	11.641469	0.009219	20.3
84	-1.059510	45.023508	11.643404	0.013229	20.7
85	-1.060974	46.023508	11.469683	0.007915	18.9
86	-1.065252	47.023508	11.301069	0.004818	20.1
87	-1.064957	47.012534	11.302893	0.005187	19.5
88	-1.059107	47.001560	11.304717	0.005171	21.1
89	-1.072359	46.990586	11.306541	0.004550	19.1
90	-1.067199	46.979613	11.308367	0.006405	19.3
91	-1.069973	46.968639	11.310192	0.004577	24.2
92	-1.061474	46.957665	11.312019	0.006093	19.3
93	-1.059158	46.946691	11.313846	0.007332	19.4
94	-1.063787	47.946691	11.149750	0.006053	19.6
95	-1.065832	48.946691	10.990347	0.004427	19.6
96	-1.059287	48.935721	10.992070	0.006708	19.2
97	-1.062399	48.924747	10.993796	0.007233	19.2
98	-1.066694	49.924747	10.838789	0.004413	19.4
99	-1.067570	49.913773	10.840466	0.005116	19.7
100	-1.061699	49.902799	10.842144	0.005731	20.1
101	-1.061213	49.891825	10.843823	0.005607	22.5
102	-1.072714	49.880851	10.845501	0.005587	19.9
103	-1.059925	49.974668	10.831165	0.004060	20.1
104	-1.065376	49.963695	10.832840	0.007534	19.5
105	-1.059584	49.952721	10.834516	0.005838	19.3
106	-1.063353	50.952721	10.683938	0.005299	19.6
107	-1.071639	50.941747	10.685567	0.004219	19.6
108	-1.068193	50.930773	10.687197	0.004251	19.6
109	-1.067507	50.919799	10.688828	0.003899	19.3
110	-1.061749	50.908825	10.690459	0.006050	23.4
111	-1.065389	50.897851	10.692091	0.005159	19.6
112	-1.061233	51.897851	10.545419	0.004487	19.6
113	-1.065693	51.886877	10.547007	0.007591	21.6
114	-1.061745	52.886847	10.404265	0.006779	19.2
115	-1.068282	53.886847	10.265332	0.004142	19.6
116	-1.067720	53.875873	10.266837	0.005508	19.4
117	-1.065762	53.864899	10.268342	0.005470	19.3
118	-1.062857	54.864899	10.132991	0.003380	23.0
119	-1.057180	54.853926	10.134457	0.005129	19.4
120	-1.059835	54.842952	10.135924	0.004146	19.9
121	-1.067473	54.831978	10.137391	0.003212	19.5
122	-1.062608	54.821004	10.138858	0.005932	19.6
123	-1.069687	54.810030	10.140325	0.005178	19.5
124	-1.065594	55.810030	10.008307	0.003473	19.1
125	-1.068726	55.799056	10.009737	0.003608	19.3
126	-1.069934	55.788082	10.011168	0.007186	19.3
127	-1.068449	55.791395	10.010736	0.003641	19.3
128	-1.069578	56.705366	9.892990	0.004077	19.5
129	-1.065969	56.694392	9.894387	0.004245	20.7
130	-1.074587	56.958880	9.860819	0.004069	19.3
131	-1.070077	56.948036	9.862190	0.005498	19.2
132	-1.068861	57.948036	9.737270	0.005032	20.0
133	-1.062987	58.946949	9.615606	0.005539	23.2
134	-1.064365	59.946949	9.496817	0.011296	19.4
135	-1.069725	60.946949	9.380927	0.011061	19.3
136	-1.071582	61.946949	9.267832	0.002932	24.2
137	-1.074056	61.935975	9.269058	0.004440	19.9
138	-1.065178	61.925271	9.270255	0.003143	19.1
139	-1.070926	61.914297	9.271482	0.003901	19.4
140	-1.073250	61.903323	9.272709	0.002650	19.5
141	-1.068391	61.892349	9.273936	0.005912	19.5
142	-1.062469	61.881375	9.275164	0.007041	19.7
143	-1.067968	62.881375	9.164590	0.003098	19.4
144	-1.064609	63.015328	9.149978	0.004175	19.3
145	-1.063073	63.004354	9.151173	0.003232	19.9
146	-1.064554	64.004142	9.043540	0.005077	20.6
147	-1.065185	65.003344	8.938471	0.005236	19.7
148	-1.064642	66.003344	8.835734	0.005679	19.6
149	-1.070058	67.003344	8.735331	0.002980	19.7
150	-1.073223	68.003344	8.637185	0.003535	19.0
151	-1.069825	68.053792	8.632292	0.006543	19.7
152	-1.073348	69.053792	8.536435	0.003921	19.3
153	-1.071732	70.053792	8.442684	0.004428	19.7
154	-1.072887	71.053792	8.350969	0.005553	19.2
155	-1.069941	71.042818	8.351965	0.003224	21.0
156	-1.059542	72.042818	8.262200	0.006100	19.2
157	-1.073387	72.848505	8.191269	0.003844	19.4
158	-1.070962	73.848505	8.104908	0.002648	19.7
159	-1.062921	73.841396	8.105515	0.004522	22.3
160	-1.065886	73.840847	8.105562	0.007673	19.3
161	-1.067355	74.840847	8.020989	0.001896	19.7
162	-1.064065	74.829873	8.021907	0.003726	19.4
163	-1.064033	74.818903	8.022826	0.003446	19.6
164	-1.068411	75.818903	7.939962	0.002918	19.4
165	-1.064958	75.916415	7.931973	0.002595	19.3
166	-1.066405	75.905441	7.932871	0.005403	19.7
167	-1.069655	76.905369	7.851851	0.006961	19.2
168	-1.073066	77.905369	7.772464	0.004897	19.3
169	-1.068578	78.898570	7.695189	0.005292	19.3
170	-1.068261	79.898570	7.618922	0.005361	19.5
171	-1.075773	80.898569	7.544153	0.005395	19.0
172	-1.070249	81.898569	7.470836	0.003223	19.1
173	-1.069495	81.887595	7.471633	0.008872	19.2
174	-1.070291	82.887595	7.399713	0.003532	21.8
175	-1.069117	82.876622	7.400495	0.011749	27.6
176	-1.072449	83.876622	7.329931	0.005723	19.2
177	-1.071329	84.876622	7.260700	0.003280	19.5
178	-1.074821	85.876622	7.192765	0.004094	21.8
179	-1.070226	86.876621	7.126089	0.007461	19.1
180	-1.070373	87.876621	7.060638	0.003875	19.1
181	-1.066907	88.876621	6.996378	0.008563	22.1
182	-1.070995	89.876621	6.933277	0.006298	19.6
183	-1.063263	90.876621	6.871305	0.003137	19.2
184	-1.071688	91.876621	6.810430	0.005821	19.2
185	-1.069830	91.874427	6.810563	0.005373	19.0
186	-1.071902	92.874427	6.750755	0.002049	19.5
187	-1.062741	92.863453	6.751406	0.001842	19.3
188	-1.065581	92.852647	6.752047	0.004312	19.2
189	-1.065695	92.841675	6.752697	0.003582	19.0
190	-1.073275	93.836418	6.694204	0.004772	19.1
191	-1.073225	94.836418	6.636414	0.002798	20.6
192	-1.069441	95.484527	6.599489	0.003790	19.3
193	-1.067863	96.484526	6.543316	0.005392	20.1
194	-1.068604	96.473553	6.543927	0.006046	19.8
195	-1.066172	97.473553	6.488692	0.004463	19.6
196	-1.074882	98.473553	6.434381	0.002620	19.6
197	-1.075630	98.462579	6.434972	0.003967	19.4
198	-1.068497	99.462518	6.381557	0.002352	18.9
199	-1.063130	99.451544	6.382138	0.002477	19.4
200	-1.071496	99.440570	6.382719	0.006354	19.8
201	-1.066024	99.432837	6.383129	0.004734	23.3
202	-1.070196	99.423463	6.383626	0.003629	18.9
203	-1.061729	100.423463	6.331053	0.003417	19.3
204	-1.066434	100.412656	6.331616	0.006333	19.4
205	-1.071892	100.401682	6.332189	0.003838	20.5
206	-1.073077	101.401682	6.280456	0.002925	19.0
207	-1.078504	101.390708	6.281019	0.002304	19.3
208	-1.069930	101.383594	6.281384	0.004202	19.4
209	-1.070870	101.373507	6.281902	0.005842	19.8
210	-1.067147	102.373507	6.230984	0.003932	19.3
211	-1.061506	103.373507	6.180885	0.004378	19.2
212	-1.064361	104.372405	6.131639	0.003730	19.7
213	-1.069239	105.372393	6.083120	0.006819	19.0
214	-1.060775	106.372393	6.035361	0.008882	19.0
215	-1.061676	107.372393	5.988347	0.006366	19.4
216	-1.073791	108.372393	5.942059	0.003074	19.2
217	-1.058879	109.372393	5.896481	0.005561	20.0
218	-1.063171	109.361419	5.896978	0.004647	19.5
219	-1.065315	110.361419	5.852086	0.004081	19.3
220	-1.076268	111.361419	5.807873	0.003040	19.4
221	-1.067909	112.026753	5.778825	0.003855	19.4
222	-1.067912	113.026753	5.735708	0.003145	19.2
223	-1.074782	114.026753	5.693230	0.004240	19.2
224	-1.073361	115.026753	5.651376	0.006279	21.0
225	-1.072276	116.026753	5.610133	0.003942	19.4
226	-1.065290	117.026753	5.569488	0.002601	19.2
227	-1.070731	118.026749	5.529428	0.004346	22.6
228	-1.064110	118.015775	5.529864	0.004777	18.9
229	-1.063156	118.025447	5.529480	0.004819	19.4
230	-1.070474	119.025447	5.489990	0.003149	19.3
231	-1.072151	119.014473	5.490421	0.002901	19.1
232	-1.072091	119.582674	5.468230	0.006238	19.1
233	-1.072623	119.571700	5.468657	0.003731	19.8
234	-1.070493	120.571700	5.430029	0.002696	20.1
235	-1.067342	121.571700	5.391942	0.001799	19.4
236	-1.071944	121.701159	5.387051	0.001612	19.6
237	-1.070228	121.690185	5.387465	0.002813	20.7
238	-1.062286	121.679321	5.387875	0.007231	19.5
239	-1.070462	122.679321	5.350376	0.007809	19.5
240	-1.080608	123.679321	5.313395	0.003323	19.2
241	-1.072993	124.679321	5.276922	0.003118	19.4
242	-1.072982	124.668347	5.277319	0.005820	19.7
243	-1.068967	125.668347	5.241338	0.002549	19.1
244	-1.065821	126.668347	5.205844	0.003470	19.8
245	-1.061910	127.668342	5.170828	0.002150	19.4
246	-1.066778	127.684513	5.170265	0.003506	19.3
247	-1.069481	127.673539	5.170647	0.003448	22.8
248	-1.068709	127.662565	5.171029	0.003759	19.3
249	-1.074449	127.651591	5.171410	0.003832	19.9
250	-1.061029	128.651591	5.136854	0.002754	21.0
251	-1.073446	128.640618	5.137231	0.004092	19.3
252	-1.071581	129.640618	5.103128	0.002102	19.0
253	-1.073177	130.640615	5.069475	0.003916	19.6
254	-1.071746	130.629642	5.069842	0.002313	19.2
255	-1.074932	131.629417	5.036633	0.003325	19.2
256	-1.074629	131.618474	5.036994	0.005252	19.2
257	-1.067108	132.618474	5.004205	0.002450	19.5
258	-1.067876	132.607500	5.004563	0.003967	19.2
259	-1.067595	133.607495	4.972193	0.004522	19.5
260	-1.067424	134.607495	4.940240	0.004273	19.2
261	-1.065838	135.607495	4.908695	0.004569	19.3
262	-1.066619	136.607495	4.877550	0.001620	19.3
263	-1.064774	136.596535	4.877889	0.002110	20.9
264	-1.070389	136.585940	4.878217	0.003127	24.4
265	-1.066913	136.574966	4.878556	0.004419	18.9
266	-1.073976	137.574966	4.847792	0.006674	19.3
267	-1.074200	137.563992	4.848127	0.003455	20.1
268	-1.071711	138.563992	4.817743	0.003339	19.0
269	-1.070520	139.563992	4.787738	0.003524	22.3
270	-1.081743	140.563963	4.758105	0.003463	18.9
271	-1.077957	140.552989	4.758429	0.002252	19.7
272	-1.073633	141.552988	4.729156	0.003073	19.5
273	-1.065300	142.545390	4.700459	0.003731	22.5
274	-1.077757	143.545324	4.671894	0.007184	19.5
275	-1.065888	144.545324	4.643673	0.003546	19.9
276	-1.068341	145.545324	4.615791	0.005044	19.1
277	-1.071694	145.534350	4.616095	0.002794	19.2
278	-1.066066	145.523376	4.616399	0.007990	19.3
279	-1.077260	146.523376	4.588842	0.003494	19.4
280	-1.070913	146.512403	4.589143	0.002147	19.4
281	-1.065105	146.501429	4.589444	0.001234	19.3
282	-1.079713	146.490541	4.589742	0.001914	19.3
283	-1.069398	146.481803	4.589981	0.004490	21.0
284	-1.071839	146.470830	4.590282	0.002431	20.4
285	-1.070866	146.459856	4.590583	0.003883	19.0
286	-1.073963	147.459855	4.563333	0.002040	19.3
287	-1.073726	148.441575	4.536893	0.004399	19.4
288	-1.073562	148.430601	4.537187	0.004239	19.3
289	-1.064900	148.419627	4.537481	0.001738	19.6
290	-1.075554	149.419337	4.510864	0.007543	19.2
291	-1.071848	149.408363	4.511154	0.005548	19.0
292	-1.071313	149.397389	4.511445	0.006923	19.5
293	-1.067688	150.397389	4.485123	0.004592	22.0
294	-1.070247	151.397389	4.459107	0.002939	19.2
295	-1.071144	151.386416	4.459391	0.002488	19.0
296	-1.073616	151.375442	4.459675	0.002274	23.1
297	-1.072495	151.364469	4.459958	0.006381	19.0
298	-1.066553	152.364464	4.434233	0.002610	20.0
299	-1.076829	152.353490	4.434513	0.007652	19.7
300	-1.066831	153.353490	4.409079	0.001532	20.3
301	-1.068015	153.396968	4.407980	0.005288	19.4
302	-1.074093	153.386601	4.408242	0.004319	19.0
303	-1.075794	153.375627	4.408520	0.002629	19.0
304	-1.072559	153.364653	4.408797	0.007759	19.6
305	-1.065554	154.364653	4.383656	0.004458	19.6
306	-1.068848	154.353679	4.383931	0.003760	18.9
307	-1.076401	155.353679	4.359072	0.002668	24.4
308	-1.073412	155.344320	4.359303	0.004598	24.6
309	-1.064381	155.333346	4.359575	0.003674	19.4
310	-1.072243	156.333346	4.334991	0.003326	19.2
311	-1.063721	156.850265	4.322391	0.004012	18.9
312	-1.069447	156.839291	4.322658	0.005860	19.2
313	-1.066789	157.839291	4.298487	0.003490	19.4
314	-1.065844	158.839291	4.274585	0.002764	19.0
315	-1.071147	158.833795	4.274716	0.002393	21.1
316	-1.060782	158.822821	4.274977	0.003920	19.2
317	-1.071290	158.955434	4.271826	0.001905	19.3
318	-1.077678	158.944460	4.272087	0.002500	24.1
319	-1.067303	159.914993	4.249169	0.004622	18.8
320	-1.075369	160.914989	4.225811	0.002249	19.1
321	-1.069510	160.904042	4.226065	0.003526	20.0
322	-1.061397	160.893071	4.226320	0.001667	19.0
323	-1.068345	160.916283	4.225781	0.002044	19.9
324	-1.067180	160.905440	4.226033	0.004930	19.9
325	-1.071282	160.894466	4.226288	0.001429	19.3
326	-1.072459	161.362127	4.215450	0.002874	19.2
327	-1.069071	162.260917	4.194775	0.002167	19.6
328	-1.076121	162.269148	4.194587	0.006696	20.0
329	-1.069231	162.258174	4.194838	0.004910	20.4
330	-1.067914	163.258174	4.172072	0.004081	19.4
331	-1.075103	163.247200	4.172321	0.005192	19.1
332	-1.073132	164.247190	4.149798	0.001683	19.3
333	-1.068552	164.236216	4.150044	0.003052	19.9
334	-1.075628	164.278864	4.149088	0.003853	19.2
335	-1.069829	164.267918	4.149333	0.003369	19.0
336	-1.067569	165.267918	4.127057	0.004209	19.2
337	-1.062467	165.256944	4.127300	0.002636	19.7
338	-1.065898	166.256944	4.105260	0.001856	21.7
339	-1.070677	167.031119	4.088357	0.002705	19.4
340	-1.069280	167.617710	4.075643	0.006417	19.3
341	-1.069332	167.606736	4.075880	0.003648	22.0
342	-1.070937	168.606736	4.054383	0.002669	19.4
343	-1.068477	168.595762	4.054618	0.003226	21.9
344	-1.071882	168.584788	4.054853	0.003594	19.8
345	-1.067168	168.573814	4.055087	0.004518	19.2
346	-1.063625	169.573814	4.033809	0.002382	19.2
347	-1.073478	169.562840	4.034041	0.003567	19.3
348	-1.072766	169.551875	4.034273	0.001729	19.6
349	-1.073415	170.551217	4.013226	0.005890	19.3
350	-1.068964	170.540243	4.013456	0.001449	19.3
351	-1.068688	170.529294	4.013686	0.003387	19.4
352	-1.075701	170.518320	4.013916	0.005586	19.9
353	-1.071900	171.518320	3.993066	0.004941	20.5
354	-1.069308	171.507347	3.993294	0.007009	19.4
355	-1.068266	172.507347	3.972657	0.002859	19.4
356	-1.067478	172.999616	3.962577	0.001738	19.3
357	-1.071562	173.301854	3.956413	0.004833	19.5
358	-1.071124	173.291464	3.956625	0.005981	19.0
359	-1.064380	174.291464	3.936364	0.002309	19.4
360	-1.068418	174.280490	3.936586	0.002126	21.4
361	-1.078860	174.569629	3.930766	0.004044	19.1
362	-1.066982	174.558655	3.930986	0.002491	19.0
363	-1.067288	175.558655	3.910987	0.004494	19.1
364	-1.070692	175.547681	3.911206	0.001488	24.2
365	-1.074929	175.537162	3.911415	0.005161	19.0
366	-1.074441	176.533397	3.891688	0.002237	19.2
367	-1.064768	176.522503	3.891903	0.003159	19.3
368	-1.069719	177.520608	3.872335	0.003502	19.7
369	-1.075917	178.471317	3.853879	0.002355	20.9
370	-1.068285	178.460343	3.854091	0.001891	19.2
371	-1.075804	178.449369	3.854303	0.004509	19.1
372	-1.073846	179.436220	3.835327	0.003195	19.3
373	-1.076768	179.425246	3.835537	0.003605	20.1
374	-1.058812	179.414272	3.835747	0.002693	19.5
375	-1.067858	180.414272	3.816703	0.001738	20.0
376	-1.066183	180.986762	3.805885	0.002591	19.5
377	-1.069454	181.427417	3.797600	0.002736	19.3
378	-1.071134	181.416443	3.797806	0.005530	20.2
379	-1.070036	182.416443	3.779136	0.004747	19.1
380	-1.073301	183.416443	3.760648	0.004838	19.5
381	-1.072672	183.405469	3.760850	0.006578	19.1
382	-1.075981	184.405469	3.742541	0.001736	19.1
383	-1.077416	185.405469	3.724409	0.001834	21.7
384	-1.070669	185.454328	3.723528	0.005576	19.9
385	-1.073417	186.454328	3.705579	0.003558	19.2
386	-1.064003	187.454328	3.687802	0.002814	19.4
387	-1.070566	188.454169	3.670198	0.002440	21.6
388	-1.073481	189.356377	3.654457	0.001859	18.9
389	-1.080651	189.486081	3.652205	0.002643	19.8
390	-1.074404	189.475107	3.652396	0.002822	19.1
391	-1.070127	189.464133	3.652586	0.003236	19.0
392	-1.071462	189.453160	3.652777	0.005552	19.7
393	-1.067988	190.453159	3.635502	0.005209	19.7
394	-1.071806	191.453159	3.618390	0.003830	19.2
395	-1.069105	191.442186	3.618577	0.006042	19.3
396	-1.071170	191.431212	3.618764	0.005200	19.2
397	-1.072530	192.431212	3.601809	0.003254	19.6
398	-1.074161	193.431212	3.585012	0.005164	23.6
399	-1.069785	194.431211	3.568370	0.005341	19.4
400	-1.071885	194.420237	3.568552	0.007082	19.2
401	-1.072418	195.420237	3.552063	0.007453	19.5
402	-1.068291	195.409264	3.552243	0.001966	19.2
403	-1.074106	196.409250	3.535905	0.003303	19.2
404	-1.075336	196.398284	3.536083	0.001697	19.2
405	-1.072551	196.387337	3.536261	0.004724	19.7
406	-1.072950	196.376363	3.536440	0.002585	21.2
407	-1.073788	196.365390	3.536618	0.002268	19.1
408	-1.072029	196.354421	3.536797	0.001464	18.9
409	-1.071659	196.360858	3.536692	0.003422	22.3
410	-1.069739	196.354028	3.536803	0.003660	19.5
411	-1.067475	196.343054	3.536982	0.002897	19.5
412	-1.066051	197.343054	3.520782	0.004213	19.2
413	-1.072137	198.343054	3.504731	0.002797	20.3
414	-1.068315	198.675770	3.499423	0.003721	19.7
415	-1.063281	198.664796	3.499598	0.003257	19.1
416	-1.068054	198.653822	3.499772	0.002475	19.4
417	-1.071318	199.653802	3.483912	0.006720	19.2
418	-1.071788	200.653802	3.468194	0.005917	20.3
419	-1.075694	201.653802	3.452617	0.004025	20.7
420	-1.066567	201.642828	3.452788	0.001733	20.1
421	-1.065979	202.637595	3.437429	0.003478	19.2
422	-1.075613	202.626621	3.437598	0.001859	19.4
423	-1.072235	202.615647	3.437766	0.003426	19.2
424	-1.075981	202.643554	3.437337	0.001995	19.8
425	-1.072931	202.632580	3.437506	0.002813	20.3
426	-1.069683	202.621606	3.437675	0.003728	20.2
427	-1.075155	203.621606	3.422371	0.004351	19.3
428	-1.068320	204.621606	3.407202	0.003131	19.2
429	-1.073263	205.621606	3.392167	0.003885	21.7
430	-1.068634	205.610633	3.392331	0.003586	19.3
431	-1.069484	205.599660	3.392496	0.001934	19.5
432	-1.084479	206.599364	3.377595	0.005450	22.4
433	-1.069299	206.588390	3.377757	0.004129	18.9
434	-1.074391	206.577416	3.377920	0.002715	20.5
435	-1.076242	207.577416	3.363142	0.001587	19.0
436	-1.075610	208.214542	3.353794	0.003753	19.6
437	-1.077443	208.203573	3.353955	0.002813	19.4
438	-1.069572	208.192599	3.354115	0.002560	19.4
439	-1.071444	208.181626	3.354276	0.002284	19.4
440	-1.072397	209.181367	3.339707	0.001922	18.9
441	-1.073914	209.170393	3.339866	0.002351	19.3
442	-1.069476	209.320237	3.337694	0.006714	19.1
443	-1.070273	209.309263	3.337853	0.002399	21.0
444	-1.076850	210.309260	3.323422	0.005182	19.4
445	-1.068504	211.309260	3.309116	0.002989	19.1
446	-1.066306	211.298286	3.309273	0.002715	19.3
447	-1.067012	212.270720	3.295477	0.005446	19.3
448	-1.072238	213.270720	3.281410	0.006119	19.3
449	-1.072129	213.259746	3.281564	0.003267	19.0
450	-1.065024	214.259746	3.267615	0.003184	19.2
451	-1.075665	215.259746	3.253785	0.002195	19.6
452	-1.070827	216.259699	3.240071	0.004604	19.1
453	-1.071000	217.259699	3.226473	0.002265	19.2
454	-1.072745	218.259699	3.212987	0.009608	19.2
455	-1.068526	218.248725	3.213135	0.001678	24.2
456	-1.068879	218.237751	3.213282	0.004705	19.0
457	-1.067118	219.237295	3.199913	0.004081	19.8
458	-1.065254	220.237295	3.186648	0.001929	20.6
459	-1.068811	220.226321	3.186793	0.003378	19.5
460	-1.074166	220.218118	3.186901	0.001929	19.5
461	-1.067115	220.207144	3.187046	0.002916	19.2
462	-1.066107	220.196170	3.187191	0.002632	19.6
463	-1.063853	221.195937	3.174035	0.002833	19.6
464	-1.070311	221.186479	3.174159	0.004911	19.9
465	-1.072252	221.175505	3.174303	0.003262	21.0
466	-1.067963	222.175505	3.161249	0.001838	19.8
467	-1.072424	223.175351	3.148305	0.004621	19.3
468	-1.068705	223.164421	3.148446	0.006342	19.3
469	-1.073990	224.164421	3.135603	0.005197	19.2
470	-1.070856	224.153447	3.135744	0.002250	19.6
471	-1.073254	224.749321	3.128140	0.004511	19.2
472	-1.075733	225.749321	3.115463	0.004598	19.5
473	-1.073755	226.749321	3.102888	0.005310	19.5
474	-1.075176	227.749321	3.090414	0.005082	19.3
475	-1.073596	227.738347	3.090550	0.003527	20.4
476	-1.076133	227.727420	3.090686	0.002369	19.4
477	-1.073956	227.716446	3.090822	0.004429	19.2
478	-1.070593	228.716446	3.078445	0.003776	22.6
479	-1.068098	228.705472	3.078580	0.002614	20.1
480	-1.070735	228.694498	3.078716	0.005130	19.6
481	-1.074833	229.694498	3.066435	0.004962	19.3
482	-1.076484	229.683524	3.066569	0.005632	19.2
483	-1.072864	229.672550	3.066703	0.003305	23.9
484	-1.076095	230.672550	3.054518	0.004012	25.9
485	-1.066315	230.661576	3.054651	0.007406	19.3
486	-1.071686	230.650602	3.054785	0.001690	19.3
487	-1.079935	231.650602	3.042694	0.004884	19.9
488	-1.073461	231.639633	3.042826	0.004068	19.4
489	-1.071336	232.639633	3.030829	0.001997	19.9
490	-1.069018	232.628659	3.030960	0.003025	19.5
491	-1.069517	233.628457	3.019059	0.004854	19.0
492	-1.067976	233.634511	3.018987	0.005807	19.5
493	-1.068565	234.634511	3.007178	0.003229	19.1
494	-1.073238	234.623537	3.007307	0.003116	19.4
495	-1.071037	235.623536	2.995588	0.006764	18.8
496	-1.070973	235.612563	2.995716	0.003932	19.3
497	-1.073516	235.601589	2.995844	0.008306	21.1
498	-1.075146	236.601589	2.984214	0.005875	20.0
499	-1.062280	237.601589	2.972675	0.003770	19.3
500	-1.073201	238.601589	2.961224	0.002869	24.4
501	-1.081435	238.590615	2.961349	0.006739	19.3
502	-1.074847	238.579641	2.961474	0.005555	19.5
503	-1.075760	239.579641	2.950109	0.002724	19.1
504	-1.066759	239.568667	2.950233	0.001376	20.9
505	-1.075182	239.557766	2.950357	0.003806	19.4
506	-1.068990	239.546793	2.950481	0.002399	19.6
507	-1.070976	239.535819	2.950605	0.002631	19.3
508	-1.074135	239.524858	2.950729	0.003714	19.7
509	-1.071286	240.523347	2.939464	0.001898	19.9
510	-1.069927	241.523330	2.928267	0.004828	21.5
511	-1.072839	242.523330	2.917155	0.002593	20.0
512	-1.075738	242.512356	2.917276	0.002539	18.9
513	-1.066952	242.501383	2.917398	0.008450	19.1
514	-1.075988	243.501383	2.906368	0.005298	19.4
515	-1.066975	243.490409	2.906489	0.004485	19.3
516	-1.073901	243.479435	2.906609	0.002501	19.1
517	-1.071184	243.468461	2.906730	0.004300	19.2
518	-1.071674	244.468461	2.895780	0.002768	19.3
519	-1.067931	244.457487	2.895900	0.004306	19.4
520	-1.068631	245.457487	2.885032	0.005053	22.2
521	-1.071104	245.446513	2.885151	0.003830	18.9
522	-1.068991	245.435539	2.885270	0.004113	20.0
523	-1.072671	245.512606	2.884435	0.002749	22.8
524	-1.071490	246.494743	2.873845	0.005162	18.9
525	-1.069976	246.483769	2.873963	0.003889	19.2
526	-1.073936	246.472795	2.874081	0.003187	19.4
527	-1.070074	246.461821	2.874199	0.002545	19.3
528	-1.071938	247.032480	2.868079	0.004242	19.4
529	-1.071927	247.216309	2.866113	0.003903	19.6
530	-1.072906	247.205335	2.866231	0.003298	19.1
531	-1.069568	248.205335	2.855584	0.003097	19.9
532	-1.074165	248.194362	2.855700	0.005189	20.9
533	-1.064170	248.183404	2.855816	0.005056	19.1
534	-1.071514	248.172430	2.855933	0.004916	19.5
535	-1.077812	249.172430	2.845362	0.002554	19.3
536	-1.062865	250.172430	2.834869	0.005323	19.2
537	-1.071384	250.374773	2.832755	0.004827	19.2
538	-1.072455	250.363799	2.832870	0.006750	19.1
539	-1.069875	251.363799	2.822469	0.006977	19.5
540	-1.066983	251.352825	2.822583	0.004905	19.1
541	-1.074431	251.342009	2.822695	0.004319	19.3
542	-1.072046	251.333323	2.822785	0.005042	23.1
543	-1.069314	251.322365	2.822898	0.004664	19.1
544	-1.075456	251.311391	2.823012	0.006636	19.4
545	-1.074343	252.311391	2.812683	0.004010	19.0
546	-1.070782	253.311307	2.802431	0.001819	22.3
547	-1.079846	253.304084	2.802504	0.004344	19.1
548	-1.076882	253.293111	2.802616	0.003019	19.8
549	-1.065384	253.282137	2.802729	0.001653	19.0
550	-1.065096	253.271163	2.802841	0.006475	19.1
551	-1.075080	254.271163	2.792659	0.003960	19.2
552	-1.073299	254.260189	2.792770	0.003357	19.6
553	-1.073266	255.260189	2.782661	0.001996	19.3
554	-1.079684	255.254263	2.782720	0.003654	19.5
555	-1.078551	255.243289	2.782831	0.002341	19.5
556	-1.075277	255.232315	2.782942	0.003721	19.5
557	-1.070457	255.609829	2.779143	0.001544	19.9
558	-1.073399	256.609630	2.769134	0.002490	19.2
559	-1.071558	256.647471	2.768757	0.001676	19.1
560	-1.069446	256.636622	2.768865	0.007203	20.0
561	-1.077247	257.635215	2.758942	0.005873	19.2
562	-1.070396	258.635215	2.749076	0.002983	19.0
563	-1.080477	258.624241	2.749184	0.001686	19.2
564	-1.071185	258.773468	2.747717	0.003787	19.4
565	-1.076397	258.762494	2.747825	0.002650	20.3
566	-1.075427	258.751520	2.747933	0.002622	21.6
567	-1.075466	258.740546	2.748041	0.001719	19.0
568	-1.068426	258.729580	2.748148	0.001722	21.0
569	-1.068120	258.719233	2.748250	0.003100	22.2
570	-1.071429	259.719000	2.738462	0.004661	19.0
571	-1.070494	260.719000	2.728742	0.003305	19.1
572	-1.083835	261.719000	2.719090	0.003354	19.3
573	-1.078156	262.719000	2.709506	0.001782	19.7
574	-1.070988	262.708027	2.709611	0.005105	19.5
575	-1.070574	262.697102	2.709715	0.002957	18.9
576	-1.067587	262.686128	2.709820	0.004145	19.1
577	-1.064394	263.685889	2.700304	0.002442	19.5
578	-1.075969	263.674915	2.700408	0.004701	21.9
579	-1.066130	263.663941	2.700512	0.004767	19.4
580	-1.069097	264.663941	2.691058	0.003892	20.0
581	-1.077367	265.663941	2.681671	0.002851	19.9
582	-1.072014	266.663941	2.672349	0.001877	19.5
583	-1.070649	266.652968	2.672451	0.004174	19.2
584	-1.070740	266.693510	2.672074	0.005982	19.5
585	-1.073953	267.693509	2.662818	0.001857	19.2
586	-1.073034	268.693508	2.653627	0.001750	19.4
587	-1.078806	268.683024	2.653723	0.001285	19.7
588	-1.074731	268.672097	2.653823	0.004328	21.6
589	-1.076198	268.661152	2.653923	0.002689	19.1
590	-1.075155	269.661152	2.644792	0.003144	19.8
591	-1.071854	269.650179	2.644892	0.003106	23.8
592	-1.068863	270.650179	2.635823	0.002381	19.2
593	-1.070394	270.639466	2.635920	0.002272	18.8
594	-1.061667	270.628492	2.636019	0.008346	19.5
595	-1.069281	270.617518	2.636119	0.008221	19.2
596	-1.066867	271.617518	2.627110	0.005449	19.8
597	-1.067456	272.617518	2.618162	0.008200	19.4
598	-1.070529	273.617518	2.609276	0.003367	19.4
599	-1.070211	273.606544	2.609373	0.001464	19.2
600	-1.072033	274.552787	2.601019	0.001780	19.6
601	-1.075474	274.541813	2.601115	0.003522	21.2
602	-1.068083	274.535708	2.601169	0.001268	19.5
603	-1.068027	274.524734	2.601266	0.003637	19.4
604	-1.059424	274.516204	2.601341	0.005647	19.2
605	-1.075407	275.516204	2.592568	0.004275	19.8
606	-1.069269	275.505230	2.592664	0.001916	19.9
607	-1.075502	275.494313	2.592759	0.005976	19.4
608	-1.068869	276.433525	2.584572	0.002703	19.2
609	-1.072821	276.422552	2.584667	0.003150	19.3
610	-1.070155	276.423419	2.584660	0.001131	19.1
611	-1.072859	276.412643	2.584754	0.006428	22.6
612	-1.076408	276.401669	2.584849	0.004350	18.9
613	-1.066100	277.401669	2.576187	0.003658	19.9
614	-1.071002	277.390695	2.576281	0.001360	22.7
615	-1.083078	277.379873	2.576375	0.002124	19.4
616	-1.072056	277.369431	2.576465	0.004641	19.1
617	-1.068280	278.369431	2.567859	0.006083	19.2
618	-1.070454	279.369431	2.559310	0.004062	18.9
619	-1.075289	279.358457	2.559403	0.005813	19.5
620	-1.065941	280.358269	2.550912	0.002752	19.3
621	-1.074933	280.347295	2.551005	0.002879	19.1
622	-1.064542	280.336321	2.551098	0.002435	22.3
623	-1.066975	280.325462	2.551190	0.001463	19.3
624	-1.067411	280.336014	2.551100	0.005109	20.4
625	-1.074845	280.325046	2.551193	0.001434	19.3
626	-1.073598	281.325046	2.542755	0.002777	19.0
627	-1.080066	281.314072	2.542847	0.003426	19.2
628	-1.070498	282.314072	2.534463	0.004939	19.4
629	-1.073060	283.314072	2.526135	0.004317	19.1
630	-1.068157	283.303098	2.526226	0.002885	19.1
631	-1.071409	284.303098	2.517951	0.007239	19.1
632	-1.072992	284.292124	2.518042	0.006808	19.0
633	-1.070925	285.292124	2.509821	0.002832	19.2
634	-1.070921	286.292124	2.501653	0.002882	21.0
635	-1.075458	286.281165	2.501743	0.006695	19.1
636	-1.071590	287.281165	2.493627	0.003445	19.6
637	-1.079679	287.325578	2.493268	0.003685	23.6
638	-1.071336	288.325578	2.485208	0.004807	19.2
639	-1.066442	288.385566	2.484726	0.003820	19.9
640	-1.067143	288.374592	2.484814	0.003490	19.6
641	-1.073424	289.374592	2.476808	0.002836	19.2
642	-1.075163	289.363618	2.476896	0.003061	19.6
643	-1.073612	290.363618	2.468941	0.002070	19.5
644	-1.072558	290.363369	2.468943	0.001784	19.3
645	-1.073174	290.357142	2.468992	0.004317	19.6
646	-1.074177	290.346190	2.469079	0.003920	19.6
647	-1.071047	291.346190	2.461174	0.002693	19.5
648	-1.076862	292.346190	2.453320	0.003122	19.5
649	-1.074092	293.343507	2.445536	0.003758	19.6
650	-1.074853	294.341814	2.437794	0.003203	19.0
651	-1.074562	294.330840	2.437879	0.002680	19.1
652	-1.076946	295.330840	2.430172	0.002137	19.6
653	-1.074940	296.330837	2.422514	0.004103	19.3
654	-1.078594	297.330836	2.414904	0.002466	19.5
655	-1.072965	297.319862	2.414987	0.005954	19.3
656	-1.070010	297.308888	2.415070	0.002721	19.5
657	-1.067685	298.308888	2.407507	0.008327	21.9
658	-1.072698	298.297915	2.407590	0.004870	20.4
659	-1.074683	298.286941	2.407672	0.003513	19.1
660	-1.065887	299.286941	2.400155	0.002305	22.5
661	-1.072885	299.275967	2.400237	0.001857	19.8
662	-1.075217	299.332812	2.399812	0.003110	19.0
663	-1.069159	299.321838	2.399894	0.002086	19.2
664	-1.081261	299.310891	2.399976	0.003050	19.2
665	-1.066260	299.378549	2.399469	0.004406	19.1
666	-1.070214	300.377137	2.392013	0.005440	19.4
667	-1.071827	301.377137	2.384593	0.003138	20.8
668	-1.077606	301.366394	2.384673	0.001478	20.4
669	-1.067222	301.370831	2.384640	0.002526	19.4
670	-1.074736	301.382566	2.384553	0.003514	20.8
671	-1.067598	302.382564	2.377179	0.005320	33.0
672	-1.075186	303.382522	2.369851	0.003685	25.1
673	-1.068166	303.371548	2.369932	0.004762	31.4
674	-1.072515	304.183634	2.364013	0.001624	36.1
675	-1.071200	304.172660	2.364093	0.003290	32.9
676	-1.069977	305.172597	2.356845	0.004035	34.4
677	-1.075087	306.172597	2.349642	0.003706	33.7
678	-1.074494	307.172595	2.342482	0.004094	36.2
679	-1.073663	307.161621	2.342560	0.003971	19.4
680	-1.066365	307.150647	2.342639	0.002642	36.1
681	-1.070370	308.129802	2.335669	0.004201	35.9
682	-1.069308	309.129802	2.328594	0.002863	36.0
683	-1.073023	310.129802	2.321562	0.006694	35.8
684	-1.066854	310.118828	2.321639	0.003365	34.3
685	-1.072163	311.118828	2.314649	0.003039	36.7
686	-1.072398	311.108545	2.314720	0.004726	24.7
687	-1.072553	312.108545	2.307771	0.001156	36.3
688	-1.065384	312.097571	2.307847	0.001930	35.8
689	-1.070825	312.127823	2.307638	0.003587	35.8
690	-1.071456	312.116854	2.307714	0.003514	36.1
691	-1.064812	312.105880	2.307790	0.003268	35.9
692	-1.075264	312.094906	2.307866	0.002635	36.3
693	-1.070471	312.228435	2.306941	0.003756	37.8
694	-1.074539	313.222880	2.300077	0.003577	20.1
695	-1.073917	313.211906	2.300153	0.003293	19.3
696	-1.067238	314.211906	2.293291	0.006459	19.5
697	-1.075140	315.211906	2.286470	0.002291	19.1
698	-1.072153	315.200932	2.286544	0.003788	22.1
699	-1.072548	315.830900	2.282268	0.003150	26.1
700	-1.069172	316.830900	2.275512	0.002368	27.7
701	-1.076126	317.813122	2.268916	0.004977	20.9
702	-1.077859	317.802148	2.268989	0.003726	19.6
703	-1.067169	318.802148	2.262312	0.004660	19.1
704	-1.070677	318.791174	2.262385	0.003700	19.0
705	-1.070036	319.791174	2.255746	0.005276	19.3
706	-1.075272	320.791174	2.249146	0.002988	19.6
707	-1.066096	321.791174	2.242585	0.004251	19.2
708	-1.073447	322.791174	2.236062	0.004012	19.6
709	-1.070104	323.791174	2.229577	0.002701	22.9
710	-1.068089	323.780200	2.229648	0.003525	19.3
711	-1.077109	324.780200	2.223200	0.005005	19.3
712	-1.074795	324.769227	2.223270	0.003539	19.0
713	-1.061499	325.767159	2.216872	0.003883	23.3
714	-1.070075	325.756185	2.216942	0.003118	19.2
715	-1.070949	326.755857	2.210569	0.003352	19.2
716	-1.071246	326.744884	2.210639	0.003572	19.3
717	-1.071105	326.734988	2.210702	0.002249	23.6
718	-1.064746	326.754451	2.210578	0.003387	19.4
719	-1.071468	327.754450	2.204240	0.003488	19.9
720	-1.066796	327.743476	2.204309	0.002049	19.0
721	-1.068783	328.743476	2.198006	0.002595	19.6
722	-1.074919	328.732506	2.198075	0.001926	21.1
723	-1.073257	329.727932	2.191837	0.007694	19.2
724	-1.073644	330.685683	2.185868	0.005071	19.4
725	-1.073925	330.674709	2.185936	0.004761	19.3
726	-1.065188	330.663735	2.186004	0.004120	19.5
727	-1.075837	331.663735	2.179806	0.003441	19.4
728	-1.068308	331.652761	2.179873	0.002522	19.7
729	-1.075018	332.652761	2.173710	0.002839	19.1
730	-1.068979	332.641787	2.173777	0.004285	19.6
731	-1.072320	333.641787	2.167647	0.004329	19.8
732	-1.072220	334.641787	2.161552	0.010621	25.8
733	-1.071402	335.641787	2.155492	0.005696	19.4
734	-1.065223	336.641787	2.149465	0.002683	19.4
735	-1.074502	336.630813	2.149531	0.003764	20.3
736	-1.068186	337.630813	2.143537	0.003513	19.3
737	-1.071242	338.630813	2.137576	0.005869	19.5
738	-1.069378	339.630813	2.131649	0.002523	19.6
739	-1.070393	340.630813	2.125755	0.004529	19.3
740	-1.073815	341.630812	2.119893	0.002963	21.7
741	-1.076971	342.630812	2.114063	0.004405	25.8
742	-1.074318	343.630812	2.108265	0.004849	19.3
743	-1.072295	344.630812	2.102499	0.001768	19.6
744	-1.071779	344.619838	2.102562	0.003029	19.4
745	-1.068476	344.608864	2.102625	0.003831	19.6
746	-1.061508	345.608864	2.096890	0.005652	20.4
747	-1.071594	345.597890	2.096953	0.004918	19.4
748	-1.079416	346.597890	2.091248	0.002920	19.0
749	-1.071706	347.597890	2.085575	0.005189	19.3
750	-1.067910	347.586917	2.085637	0.003071	19.1
751	-1.078631	347.575943	2.085699	0.002928	19.0
752	-1.075156	347.564969	2.085761	0.003993	19.2
753	-1.072680	347.614439	2.085481	0.004401	19.5
754	-1.073096	347.603466	2.085543	0.004192	22.9
755	-1.071175	347.592492	2.085605	0.002680	19.2
756	-1.068085	348.591997	2.079965	0.004368	19.5
757	-1.074481	349.591997	2.074352	0.003319	19.2
758	-1.077096	350.591997	2.068770	0.007273	21.3
759	-1.070532	350.581023	2.068831	0.002617	21.4
760	-1.067292	351.581023	2.063278	0.004000	19.0
761	-1.077382	352.570997	2.057811	0.004013	19.5
762	-1.072046	352.560023	2.057871	0.002790	19.3
763	-1.075221	353.560023	2.052377	0.004841	19.2
764	-1.068074	353.549049	2.052437	0.004953	19.1
765	-1.075791	354.549049	2.046972	0.004053	19.7
766	-1.072943	354.538076	2.047032	0.005533	19.1
767	-1.072701	355.538076	2.041595	0.002169	21.3
768	-1.074993	355.547105	2.041546	0.004183	20.6
769	-1.070509	356.547105	2.036139	0.005840	19.0
770	-1.071550	357.547105	2.030760	0.003927	19.0
771	-1.069776	358.547105	2.025410	0.004280	19.2
772	-1.075860	359.547105	2.020087	0.003915	19.6
773	-1.072941	359.536131	2.020146	0.002582	19.5
774	-1.073418	359.525157	2.020204	0.003538	19.3
775	-1.063906	360.525157	2.014909	0.003535	19.0
776	-1.070035	361.525157	2.009641	0.002091	19.5
777	-1.067225	362.525131	2.004402	0.004565	27.9
778	-1.073542	362.514157	2.004459	0.002385	19.1
779	-1.076205	362.503183	2.004516	0.003795	19.5
780	-1.074021	362.492209	2.004574	0.004707	19.5
781	-1.067743	362.481235	2.004631	0.006521	19.2
782	-1.071687	363.481235	1.999417	0.002408	21.7
783	-1.073159	364.481165	1.994231	0.003683	19.6
784	-1.068442	364.470191	1.994287	0.001613	19.2
785	-1.071399	364.459235	1.994344	0.001767	19.2
786	-1.067626	364.467958	1.994299	0.005951	20.5
787	-1.076074	365.467824	1.989139	0.004257	19.2
788	-1.071662	365.456851	1.989196	0.003789	19.7
789	-1.064347	365.445877	1.989252	0.005899	19.8
790	-1.074240	366.445877	1.984118	0.002664	19.2
791	-1.073286	367.445877	1.979010	0.003041	19.2
792	-1.073832	368.445877	1.973929	0.003572	19.2
793	-1.065807	369.445877	1.968873	0.006425	19.6
794	-1.066336	370.445877	1.963843	0.002671	19.3
795	-1.066916	371.445875	1.958839	0.002798	19.2
796	-1.080512	371.434902	1.958894	0.002067	19.5
797	-1.061812	371.423928	1.958949	0.002413	19.7
798	-1.082098	371.412954	1.959004	0.001808	19.9
799	-1.072569	371.401980	1.959058	0.002546	19.2
800	-1.077963	371.866696	1.956741	0.002032	21.5
801	-1.067039	372.834501	1.951933	0.004242	19.4
802	-1.061992	373.834499	1.946989	0.005243	19.7
803	-1.066044	373.823525	1.947043	0.003123	23.9
804	-1.077708	374.823525	1.942124	0.004481	19.0
805	-1.067273	374.812551	1.942178	0.003447	19.4
806	-1.071762	375.812551	1.937283	0.003871	19.3
807	-1.078105	376.812551	1.932414	0.002469	19.1
808	-1.074682	377.812549	1.927568	0.003997	19.3
809	-1.075844	378.812531	1.922747	0.004261	19.7
810	-1.069337	379.812531	1.917950	0.002127	18.9
811	-1.076121	380.748445	1.913482	0.002989	19.2
812	-1.075034	380.737472	1.913534	0.001138	19.8
813	-1.071049	380.852139	1.912988	0.001280	21.4
814	-1.066257	380.842489	1.913034	0.001613	19.7
815	-1.072119	380.831518	1.913086	0.003334	20.0
816	-1.072903	381.761284	1.908670	0.003349	18.9
817	-1.073238	381.750310	1.908722	0.001881	19.7
818	-1.069346	381.739345	1.908774	0.004228	19.5
819	-1.069987	381.728373	1.908826	0.004440	19.2
820	-1.071988	381.717399	1.908878	0.001862	19.2
821	-1.072084	382.715158	1.904160	0.005609	19.1
822	-1.074176	383.715158	1.899455	0.003335	21.7
823	-1.066353	384.715158	1.894774	0.002615	20.2
824	-1.083043	385.715150	1.890115	0.003992	19.2
825	-1.067731	386.715150	1.885479	0.002820	19.0
826	-1.074042	386.704176	1.885530	0.004139	22.6
827	-1.076463	386.693202	1.885581	0.005673	19.0
828	-1.069269	386.682229	1.885631	0.003788	18.9
829	-1.074141	386.671256	1.885682	0.004492	19.2
830	-1.082995	387.671256	1.881068	0.001965	19.4
831	-1.069807	387.660282	1.881118	0.003803	20.8
832	-1.070814	387.649308	1.881169	0.005817	19.5
833	-1.066646	388.649308	1.876577	0.002192	20.5
834	-1.066990	389.649308	1.872007	0.003751	19.1
835	-1.070625	389.846690	1.871108	0.004219	19.4
836	-1.072738	390.846690	1.866564	0.003427	19.3
837	-1.068775	391.846690	1.862043	0.002994	19.1
838	-1.069946	391.836841	1.862088	0.001885	19.0
839	-1.076301	391.835355	1.862094	0.002110	19.7
840	-1.074570	391.824515	1.862143	0.001626	19.3
841	-1.075543	392.178535	1.860548	0.000851	19.1
842	-1.072574	392.167858	1.860596	0.004702	19.1
843	-1.077552	392.161207	1.860626	0.004355	19.1
844	-1.074877	392.151488	1.860670	0.004234	19.8
845	-1.067726	392.140514	1.860719	0.004065	19.1
846	-1.061890	393.140514	1.856226	0.005628	21.7
847	-1.069861	393.129540	1.856275	0.006112	19.1
848	-1.072642	394.129540	1.851804	0.003492	19.4
849	-1.067581	394.118568	1.851853	0.005301	22.8
850	-1.071862	395.118568	1.847402	0.002850	18.9
851	-1.066962	396.118568	1.842973	0.002100	19.8
852	-1.071014	396.107594	1.843022	0.004769	19.7
853	-1.069225	396.097138	1.843068	0.002346	19.4
854	-1.070990	397.097138	1.838660	0.002186	19.2
855	-1.071149	397.086164	1.838708	0.003935	19.2
856	-1.068290	398.086164	1.834321	0.004127	19.8
857	-1.072410	398.075191	1.834369	0.004503	19.5
858	-1.071073	399.065242	1.830045	0.002749	20.6
859	-1.068637	400.062327	1.825712	0.002282	19.3
860	-1.073363	401.062326	1.821386	0.004170	19.8
861	-1.074822	402.062326	1.817081	0.004969	19.5
862	-1.073578	403.062326	1.812796	0.002578	19.2
863	-1.077289	404.062326	1.808531	0.004439	19.7
864	-1.072622	404.051352	1.808578	0.003583	19.6
865	-1.076172	404.040378	1.808624	0.003821	19.2
866	-1.068575	404.029404	1.808671	0.004967	19.4
867	-1.077170	404.018430	1.808718	0.004891	19.8
868	-1.073924	405.018428	1.804472	0.002741	22.6
869	-1.068691	405.479335	1.802522	0.005120	19.6
870	-1.078909	406.478992	1.798307	0.001348	19.0
871	-1.070501	406.468163	1.798352	0.004746	19.4
872	-1.071080	406.457395	1.798398	0.002816	22.8
873	-1.075680	407.457395	1.794200	0.002324	19.2
874	-1.072270	407.446421	1.794246	0.003686	19.0
875	-1.065810	407.832375	1.792631	0.002462	19.3
876	-1.066137	408.832375	1.788461	0.005360	20.5
877	-1.071159	408.821401	1.788507	0.001325	19.4
878	-1.071260	409.820216	1.784360	0.003386	19.4
879	-1.080730	409.809243	1.784405	0.003915	18.9
880	-1.071720	410.693209	1.780752	0.003781	19.3
881	-1.070761	411.693189	1.776636	0.004713	19.4
882	-1.077640	412.693189	1.772540	0.003856	19.1
883	-1.073446	413.693189	1.768462	0.003494	19.1
884	-1.068642	413.682215	1.768507	0.003860	19.4
885	-1.076757	413.671241	1.768551	0.004257	19.7
886	-1.073974	413.660267	1.768596	0.003792	19.3
887	-1.075837	413.664711	1.768578	0.005042	19.2
888	-1.072646	413.656576	1.768611	0.002381	19.4
889	-1.075148	414.628782	1.764664	0.003426	19.5
890	-1.077533	415.628754	1.760622	0.004066	19.1
891	-1.076518	416.628754	1.756599	0.003444	23.7
892	-1.071385	417.628754	1.752595	0.007257	19.9
893	-1.068797	417.617780	1.752638	0.001799	19.2
894	-1.064606	417.606806	1.752682	0.004824	25.1
895	-1.068899	417.624866	1.752610	0.003102	19.9
896	-1.071457	417.613968	1.752654	0.002515	19.4
897	-1.075623	418.613968	1.748667	0.001923	19.3
898	-1.070603	418.602994	1.748711	0.004805	20.4
899	-1.066758	419.602994	1.744742	0.002309	19.1
900	-1.077258	420.602994	1.740791	0.006257	19.2
901	-1.079420	421.578965	1.736952	0.003985	19.1
902	-1.074405	421.567991	1.736995	0.002405	19.7
903	-1.076826	421.557017	1.737038	0.002212	19.4
904	-1.070358	422.556816	1.733123	0.001739	20.3
905	-1.067787	423.400032	1.729834	0.001850	19.9
906	-1.073608	423.407855	1.729804	0.002318	19.4
907	-1.070563	423.441987	1.729671	0.004239	19.3
908	-1.071765	423.431013	1.729714	0.007892	19.4
909	-1.076953	424.431013	1.725830	0.001094	19.4
910	-1.075914	424.420039	1.725873	0.001612	19.5
911	-1.068639	424.448576	1.725762	0.005383	19.7
912	-1.072927	424.437602	1.725805	0.003768	19.5
913	-1.072576	424.426628	1.725847	0.005806	22.1
914	-1.072408	425.426628	1.721981	0.003538	22.0
915	-1.066589	425.415663	1.722024	0.008318	19.4
916	-1.074402	426.415663	1.718175	0.003060	22.0
917	-1.066218	427.415663	1.714343	0.003287	29.4
918	-1.071771	427.404689	1.714385	0.001693	19.1
919	-1.071507	427.393716	1.714427	0.003188	19.5
920	-1.078278	427.382742	1.714469	0.004816	20.9
921	-1.070705	427.371768	1.714511	0.001792	19.2
922	-1.069910	427.360794	1.714553	0.002707	20.4
923	-1.063321	427.349820	1.714595	0.002818	19.5
924	-1.072757	428.349779	1.710779	0.003332	19.1
925	-1.072105	428.338830	1.710821	0.002726	19.3
926	-1.071210	428.994018	1.708330	0.004740	19.3
927	-1.070530	428.983044	1.708372	0.005010	19.6
928	-1.074677	429.721324	1.705574	0.005548	19.0
929	-1.069340	430.721324	1.701798	0.003869	19.2
930	-1.075087	430.710350	1.701839	0.001480	19.2
931	-1.077929	431.705402	1.698099	0.003225	19.3
932	-1.072842	431.694471	1.698140	0.004099	19.4
933	-1.063929	431.683497	1.698181	0.001827	19.6
934	-1.069866	432.683497	1.694438	0.003241	18.9
935	-1.071338	432.672523	1.694479	0.003624	19.5
936	-1.068677	433.640255	1.690872	0.001958	22.7
937	-1.074267	434.640255	1.687161	0.004900	19.9
938	-1.076014	434.629282	1.687201	0.003096	19.3
939	-1.070295	435.629282	1.683507	0.003118	24.5
940	-1.070878	435.618308	1.683547	0.003721	18.9
941	-1.075713	435.607334	1.683587	0.001655	19.8
942	-1.073199	436.606676	1.679911	0.001373	18.8
943	-1.064834	436.595708	1.679951	0.003457	19.2
944	-1.067887	436.584734	1.679991	0.003116	19.5
945	-1.070360	437.584671	1.676328	0.004865	19.3
946	-1.075332	438.584671	1.672681	0.002481	19.1
947	-1.068892	439.584671	1.669049	0.007218	19.4
948	-1.077381	439.573727	1.669089	0.002014	20.0
949	-1.072961	439.562753	1.669128	0.003811	20.3
950	-1.073408	440.556722	1.665534	0.003163	19.8
951	-1.071866	441.556722	1.661933	0.004903	19.4
952	-1.076797	441.545748	1.661973	0.003946	19.5
953	-1.079591	442.545748	1.658387	0.002733	19.5
954	-1.072618	442.534775	1.658427	0.001641	20.4
955	-1.067884	442.523801	1.658466	0.006160	19.3
956	-1.074717	443.523801	1.654896	0.004480	20.0
957	-1.078422	443.512827	1.654935	0.002825	19.1
958	-1.077867	444.512827	1.651380	0.004061	19.6
959	-1.073626	444.501853	1.651419	0.004066	23.8
960	-1.071280	444.490879	1.651457	0.003841	19.2
961	-1.066539	444.479905	1.651496	0.005303	19.7
962	-1.069325	444.821626	1.650285	0.005268	22.7
963	-1.066792	445.821626	1.646750	0.002380	19.7
964	-1.071990	446.478462	1.644436	0.006493	19.8
965	-1.078200	447.478462	1.640926	0.006741	20.9
966	-1.067103	447.504761	1.640834	0.003259	19.2
967	-1.074383	448.504761	1.637339	0.001428	21.1
968	-1.067992	448.493788	1.637377	0.003329	19.4
969	-1.068430	448.483764	1.637412	0.001572	19.5
970	-1.071067	448.472790	1.637450	0.002185	19.3
971	-1.073273	448.461816	1.637489	0.005106	19.4
972	-1.077845	449.461816	1.634008	0.002665	19.5
973	-1.070384	449.453203	1.634038	0.002560	19.5
974	-1.070489	449.507343	1.633850	0.006089	19.3
975	-1.073279	449.496369	1.633888	0.003850	19.6
976	-1.076294	449.485395	1.633926	0.001993	19.5
977	-1.079569	449.787980	1.632876	0.004195	19.5
978	-1.072145	450.787980	1.629415	0.004181	19.3
979	-1.071570	451.787980	1.625969	0.002718	19.4
980	-1.069626	452.787980	1.622537	0.002515	19.2
981	-1.079186	452.777006	1.622574	0.005301	22.9
982	-1.070728	453.777006	1.619157	0.002189	19.7
983	-1.069596	453.766032	1.619194	0.002164	19.2
984	-1.064498	453.755060	1.619232	0.005449	19.5
985	-1.074789	453.744086	1.619269	0.002385	19.9
986	-1.076035	454.593056	1.616378	0.002214	19.3
987	-1.069015	455.584693	1.613015	0.004187	19.3
988	-1.074336	456.584693	1.609638	0.001833	19.3
989	-1.077881	456.575129	1.609670	0.001947	19.4
990	-1.073216	456.564305	1.609707	0.003655	19.3
991	-1.074193	457.559048	1.606361	0.000838	19.7
992	-1.074026	457.587936	1.606264	0.005483	19.2
993	-1.081774	457.576983	1.606300	0.004505	19.2
994	-1.073271	458.576983	1.602951	0.000993	20.9
995	-1.062686	458.566011	1.602988	0.004535	19.2
996	-1.078068	458.596634	1.602885	0.003779	19.9
997	-1.066837	459.596634	1.599550	0.005038	19.2
998	-1.075963	459.585660	1.599587	0.006031	19.4
999	-1.076780	460.585660	1.596265	0.004603	19.4
