1:ItNr	2:Metric	3a:Time	3b:StepSize	4:||Gradient||	Time[ms]
0	-0.852298	0.000000	10.066747	0.060700	1574.0
1	-0.853787	0.000000	10.066747	0.065090	30.8
2	-0.852378	1.000000	9.609168	0.017830	22.8
3	-0.866334	2.000000	9.191378	0.046464	23.6
4	-0.854429	1.768956	9.284646	0.058008	22.8
5	-0.858917	2.768956	8.894025	0.049011	22.6
6	-0.866823	3.768956	8.534946	0.021084	22.9
7	-0.862384	4.768956	8.203735	0.024862	23.0
8	-0.856048	4.537930	8.277949	0.051272	22.8
9	-0.846062	5.537930	7.966020	0.055768	22.3
10	-0.861585	6.537930	7.676746	0.026772	23.8
11	-0.858718	7.537930	7.407744	0.017349	22.7
12	-0.860381	8.502514	7.165548	0.034058	27.0
13	-0.864024	9.502513	6.930632	0.029883	22.6
14	-0.863147	10.502513	6.710629	0.024756	23.4
15	-0.862467	10.433757	6.725308	0.058094	26.7
16	-0.856543	11.433757	6.517953	0.050299	22.4
17	-0.865810	12.433757	6.323001	0.037031	23.6
18	-0.850072	13.433304	6.139454	0.049617	22.6
19	-0.853855	14.433304	5.966186	0.015140	23.5
20	-0.862911	15.433304	5.802430	0.012446	22.6
21	-0.855174	15.204844	5.839044	0.011305	23.6
22	-0.865941	14.994261	5.873206	0.025472	24.8
23	-0.865372	15.969770	5.718231	0.038889	24.3
24	-0.860620	16.969770	5.567632	0.034487	23.8
25	-0.860660	17.969769	5.424761	0.020178	23.2
26	-0.863997	17.774654	5.452059	0.039112	23.5
27	-0.861632	17.579784	5.479598	0.030958	23.5
28	-0.867733	18.577277	5.341492	0.044535	23.5
29	-0.860336	19.577277	5.209854	0.038856	22.3
30	-0.850036	20.577277	5.084549	0.034408	22.8
31	-0.865679	21.577277	4.965129	0.012384	23.7
32	-0.858116	22.567234	4.852309	0.009541	23.0
33	-0.865248	22.398753	4.871147	0.022339	22.6
34	-0.858212	22.174216	4.896480	0.019540	22.6
35	-0.852914	23.174155	4.785642	0.008465	24.6
36	-0.877383	23.809790	4.717757	0.018347	22.4
37	-0.858883	23.617962	4.738040	0.030856	23.3
38	-0.861763	24.617961	4.634177	0.042868	22.2
39	-0.863785	25.617961	4.534769	0.047483	24.3
40	-0.866605	26.617961	4.439537	0.023351	22.9
41	-0.867311	27.617960	4.348222	0.036923	23.4
42	-0.860840	28.617960	4.260588	0.020851	24.8
43	-0.873223	29.617892	4.176422	0.018571	23.0
44	-0.872354	29.742037	4.166204	0.015292	23.0
45	-0.858422	30.712239	4.088040	0.019751	22.8
46	-0.863390	31.708427	4.010776	0.014895	23.0
47	-0.867303	32.683201	3.937949	0.018832	23.0
48	-0.853985	33.279587	3.894681	0.011380	23.1
49	-0.860607	34.090827	3.837330	0.025440	22.3
50	-0.870267	33.914698	3.849638	0.023194	23.8
51	-0.871275	34.914690	3.780790	0.020935	22.3
52	-0.863886	35.714276	3.727486	0.033303	23.5
53	-0.856405	36.714276	3.662901	0.010162	24.2
54	-0.875473	36.483379	3.677614	0.004824	25.9
55	-0.867225	36.424468	3.681387	0.011998	22.5
56	-0.868743	36.679109	3.665134	0.015100	22.4
57	-0.874347	36.462219	3.678968	0.025806	23.3
58	-0.861897	36.231470	3.693801	0.017583	34.3
59	-0.864075	37.231396	3.630373	0.025116	22.4
60	-0.862322	37.069871	3.640471	0.028195	24.8
61	-0.857342	38.069871	3.578841	0.018226	23.7
62	-0.855989	39.068447	3.519347	0.034595	25.0
63	-0.873302	40.068447	3.461717	0.019847	24.2
64	-0.858852	39.839979	3.474717	0.027466	22.6
65	-0.869269	40.839721	3.418542	0.015529	23.4
66	-0.857256	41.829465	3.364690	0.039939	24.3
67	-0.858513	42.829462	3.311977	0.028142	23.1
68	-0.848271	43.829462	3.260889	0.022814	22.7
69	-0.868136	44.829462	3.211354	0.023011	22.9
70	-0.860428	44.598423	3.222664	0.022427	26.4
71	-0.853915	45.598345	3.174278	0.003398	22.9
72	-0.864386	46.080574	3.151459	0.011557	23.0
73	-0.865579	46.289210	3.141688	0.016308	26.1
74	-0.864789	47.144655	3.102249	0.007453	23.2
75	-0.877159	46.941886	3.111508	0.007603	23.2
76	-0.867039	47.136743	3.102609	0.019552	22.7
77	-0.869688	47.058062	3.106196	0.020650	22.9
78	-0.856308	46.827050	3.116776	0.027140	23.3
79	-0.860935	47.827047	3.071492	0.011796	23.4
80	-0.865039	47.596075	3.081834	0.019373	22.4
81	-0.862794	48.416677	3.045402	0.022738	23.5
82	-0.864110	49.415066	3.002222	0.027397	22.8
83	-0.868948	50.415066	2.960183	0.041415	23.6
84	-0.862144	51.415066	2.919305	0.030495	22.7
85	-0.871013	52.415066	2.879541	0.019002	25.4
86	-0.858278	53.413484	2.840906	0.016807	23.2
87	-0.860520	54.396518	2.803865	0.009201	22.7
88	-0.851866	54.190348	2.811554	0.012799	23.0
89	-0.860654	54.547636	2.798257	0.010419	22.8
90	-0.859600	54.504463	2.799857	0.023897	27.0
91	-0.866812	55.489500	2.763800	0.010635	23.4
92	-0.864683	55.310976	2.770266	0.024136	24.8
93	-0.865545	56.306108	2.734605	0.005144	25.4
94	-0.868881	56.319591	2.734128	0.018038	22.6
95	-0.872138	56.290822	2.735146	0.016950	23.5
96	-0.872604	57.277048	2.700686	0.025970	22.8
97	-0.865502	58.274372	2.666709	0.024381	23.2
98	-0.862978	59.274372	2.633489	0.008572	22.4
99	-0.864033	60.035380	2.608758	0.028816	23.2
100	-0.863363	59.805819	2.616169	0.017401	23.3
101	-0.856819	60.637266	2.589524	0.043780	25.0
102	-0.863653	61.636873	2.558200	0.016114	23.0
103	-0.859205	61.405989	2.565368	0.017578	23.6
104	-0.862662	62.398221	2.534847	0.014966	23.6
105	-0.862132	62.193218	2.541093	0.009736	23.7
106	-0.856334	62.912449	2.519313	0.024870	23.3
107	-0.866302	62.705920	2.525529	0.031386	22.9
108	-0.859527	63.705920	2.495713	0.013965	23.1
109	-0.866937	63.521955	2.501145	0.008642	25.4
110	-0.870100	63.890052	2.490300	0.028028	23.1
111	-0.868194	63.680275	2.496469	0.023796	22.9
112	-0.861827	64.679564	2.467353	0.022699	25.8
113	-0.861657	64.496175	2.472645	0.009248	22.9
114	-0.862708	65.473330	2.444704	0.012930	22.9
115	-0.867324	65.371190	2.447595	0.017986	22.7
116	-0.857616	66.355124	2.420026	0.018106	22.5
117	-0.862088	67.354439	2.392655	0.021529	22.9
118	-0.866811	68.353033	2.365915	0.011215	23.0
119	-0.865884	69.073997	2.346978	0.016718	23.2
120	-0.859396	69.107763	2.346099	0.017408	22.4
121	-0.863600	70.098447	2.320585	0.018091	23.1
122	-0.857837	71.096074	2.295447	0.019110	23.0
123	-0.861584	70.876047	2.300945	0.042196	22.8
124	-0.866478	71.876006	2.276171	0.020141	22.9
125	-0.863329	72.875980	2.251925	0.019063	23.2
126	-0.865594	73.875454	2.228202	0.005798	23.3
127	-0.866105	73.700186	2.232326	0.013820	22.3
128	-0.870901	74.071443	2.223609	0.009852	23.5
129	-0.860476	74.200822	2.220587	0.037462	26.4
130	-0.878301	74.623974	2.210760	0.022769	23.0
131	-0.860166	75.623974	2.187880	0.013352	27.8
132	-0.863382	75.392998	2.193123	0.010949	26.5
133	-0.868925	75.863886	2.182461	0.016411	23.9
134	-0.861138	76.700279	2.163778	0.026407	23.2
135	-0.871056	77.699024	2.141882	0.010181	22.9
136	-0.863051	78.692684	2.120534	0.014663	23.6
137	-0.864981	78.501621	2.124605	0.020399	24.0
138	-0.854299	79.460748	2.104321	0.012826	22.9
139	-0.857494	79.229914	2.109168	0.019441	23.1
140	-0.862069	80.105333	2.090905	0.011406	23.8
141	-0.865548	79.877468	2.095628	0.010070	23.0
142	-0.871146	79.658612	2.100185	0.018684	23.4
143	-0.864493	79.779706	2.097661	0.008014	24.7
144	-0.862212	80.634861	2.080012	0.021155	23.4
145	-0.862907	80.408857	2.084647	0.024477	23.3
146	-0.861931	80.182266	2.089316	0.004101	22.7
147	-0.865745	80.002569	2.093033	0.017336	24.1
148	-0.874693	79.930142	2.094535	0.018552	26.2
149	-0.870354	80.928994	2.074009	0.010200	22.8
150	-0.860932	80.700980	2.078659	0.009540	23.8
151	-0.865314	80.575270	2.081232	0.011347	26.2
152	-0.858603	80.598482	2.080756	0.024731	23.0
153	-0.861545	81.541128	2.061628	0.033919	23.1
154	-0.861380	82.541128	2.041717	0.031450	23.4
155	-0.877690	83.541128	2.022187	0.013862	22.9
156	-0.864790	83.315260	2.026565	0.012667	23.4
157	-0.863148	83.087903	2.030992	0.016886	25.4
158	-0.857914	82.862896	2.035392	0.021727	22.2
159	-0.861124	83.862405	2.015991	0.011479	23.5
160	-0.868485	83.701756	2.019084	0.018836	22.2
161	-0.861200	84.623889	2.001457	0.021493	23.0
162	-0.866038	85.619534	1.982767	0.011724	22.3
163	-0.856698	85.591928	1.983280	0.008483	22.7
164	-0.854116	85.398674	1.986883	0.006090	22.9
165	-0.870597	85.499428	1.985003	0.008851	23.1
166	-0.861690	85.517153	1.984673	0.004856	22.6
167	-0.870469	85.634738	1.982484	0.010343	23.7
168	-0.871050	85.589489	1.983326	0.024554	25.7
169	-0.872277	85.806977	1.979287	0.024818	22.5
170	-0.872394	85.576083	1.983575	0.019916	25.5
171	-0.866265	86.430749	1.967795	0.023233	26.0
172	-0.854479	86.226886	1.971536	0.039699	23.2
173	-0.860862	87.226886	1.953320	0.015839	23.2
174	-0.869251	87.015710	1.957138	0.035449	23.1
175	-0.868111	88.006860	1.939343	0.024869	27.3
176	-0.851913	89.006860	1.921714	0.019059	22.7
177	-0.869530	90.006822	1.904403	0.010659	22.9
178	-0.865551	89.778027	1.908336	0.015486	25.5
179	-0.866489	89.570658	1.911915	0.014960	23.3
180	-0.861604	89.479558	1.913491	0.007374	23.6
181	-0.863575	89.393624	1.914981	0.020654	22.5
182	-0.865346	90.255275	1.900150	0.039025	23.6
183	-0.871273	90.024512	1.904099	0.019576	23.2
184	-0.866624	91.012350	1.887307	0.025583	23.0
185	-0.860454	92.011916	1.870614	0.020290	22.3
186	-0.863503	91.780875	1.874446	0.021164	23.1
187	-0.855859	92.298755	1.865878	0.009216	26.5
188	-0.859922	92.566837	1.861474	0.026040	22.5
189	-0.861751	93.093809	1.852876	0.020872	23.6
190	-0.872147	93.971634	1.838729	0.007021	25.7
191	-0.864473	93.748989	1.842297	0.021687	23.1
192	-0.858554	94.283234	1.833759	0.010921	23.0
193	-0.863383	94.101769	1.836650	0.025130	23.4
194	-0.865633	93.870936	1.840341	0.021326	23.1
195	-0.871456	94.870520	1.824465	0.016435	22.4
196	-0.870483	94.656067	1.827848	0.015758	23.5
197	-0.866743	95.642809	1.812385	0.017207	22.6
198	-0.856924	95.412322	1.815973	0.010148	23.2
199	-0.872015	96.246465	1.803054	0.015036	22.6
200	-0.861815	96.038834	1.806253	0.012758	23.3
201	-0.867477	96.947753	1.792333	0.032679	22.3
202	-0.856782	97.946189	1.777288	0.023568	23.3
203	-0.868948	98.946188	1.762471	0.009112	22.9
204	-0.859500	99.558812	1.753515	0.014392	23.3
205	-0.864302	99.385587	1.756038	0.037103	22.7
206	-0.861187	100.377042	1.741694	0.016804	23.7
207	-0.861711	100.146501	1.745009	0.026018	27.4
208	-0.867637	100.744947	1.736431	0.017080	22.7
209	-0.866489	100.513905	1.739732	0.023961	25.2
210	-0.862060	101.507463	1.725623	0.026232	23.1
211	-0.864631	102.507436	1.711652	0.015160	23.8
212	-0.855430	103.483458	1.698231	0.009351	23.2
213	-0.856203	103.350632	1.700045	0.016336	22.6
214	-0.854321	103.791724	1.694036	0.027342	23.9
215	-0.858842	103.560681	1.697178	0.018545	23.3
216	-0.857967	104.560675	1.683662	0.020553	23.4
217	-0.865416	104.329744	1.686764	0.025999	25.2
218	-0.867665	105.329057	1.673421	0.013037	23.6
219	-0.862113	105.456299	1.671737	0.006474	23.1
220	-0.861454	105.315459	1.673601	0.014789	22.9
221	-0.865150	105.449713	1.671824	0.041770	23.4
222	-0.856472	106.449712	1.658707	0.018187	22.9
223	-0.861336	107.449712	1.645793	0.022797	23.2
224	-0.874862	107.219727	1.648745	0.008981	22.4
225	-0.858209	108.168528	1.636635	0.014186	23.8
226	-0.859896	108.038920	1.638279	0.013624	25.4
227	-0.871006	108.980827	1.626407	0.010915	22.6
228	-0.862232	109.850073	1.615602	0.015070	23.2
229	-0.862890	109.982546	1.613968	0.024976	27.7
230	-0.860590	110.982298	1.601743	0.015369	23.1
231	-0.869386	111.982205	1.589699	0.014749	22.3
232	-0.864516	112.700493	1.581159	0.011183	23.0
233	-0.861718	113.248093	1.574709	0.018271	23.5
234	-0.863330	113.405256	1.572868	0.010625	23.1
235	-0.863363	114.163174	1.564048	0.018959	22.9
236	-0.859412	113.933997	1.566704	0.032712	22.5
237	-0.858908	114.933994	1.555179	0.022209	23.1
238	-0.866420	115.933992	1.543822	0.031217	22.7
239	-0.857230	116.933992	1.532629	0.009663	23.4
240	-0.858078	116.816529	1.533936	0.011352	22.9
241	-0.871708	117.308365	1.528481	0.016737	23.4
242	-0.867231	117.080758	1.531000	0.023029	22.5
243	-0.861454	118.079177	1.520010	0.011486	23.6
244	-0.860911	118.573140	1.514630	0.028136	23.7
245	-0.868372	118.569852	1.514666	0.009560	22.8
246	-0.857085	118.404379	1.516464	0.020238	26.0
247	-0.864563	118.176363	1.518948	0.006294	23.0
248	-0.862487	118.974601	1.510286	0.007282	25.6
249	-0.862552	118.861504	1.511507	0.017817	22.3
250	-0.860749	118.794394	1.512233	0.028865	23.3
251	-0.867515	119.101317	1.508920	0.012087	22.7
252	-0.872834	119.863439	1.500756	0.016286	24.0
253	-0.862284	120.781958	1.491034	0.020025	23.3
254	-0.855859	121.762488	1.480793	0.012875	22.8
255	-0.865419	121.764723	1.480770	0.019956	23.8
256	-0.867136	121.625351	1.482217	0.027740	24.8
257	-0.859892	122.611503	1.472039	0.014735	23.1
258	-0.864955	123.611349	1.461861	0.038602	24.3
259	-0.853746	124.330061	1.454632	0.011851	24.8
260	-0.857704	124.099178	1.456946	0.006522	23.8
261	-0.858700	123.958836	1.458357	0.008400	23.0
262	-0.869059	124.201481	1.455920	0.019877	23.0
263	-0.858147	124.095001	1.456988	0.008543	22.6
264	-0.862083	125.019206	1.447766	0.013262	23.1
265	-0.863833	124.828290	1.449662	0.015512	26.7
266	-0.860957	124.601649	1.451918	0.021397	22.4
267	-0.867654	125.600815	1.442023	0.019945	22.9
268	-0.871548	125.369889	1.444298	0.005976	24.8
269	-0.871746	125.340183	1.444591	0.019066	24.0
270	-0.846958	125.183458	1.446140	0.019475	22.5
271	-0.864486	124.976462	1.448190	0.027246	23.7
272	-0.861276	125.976439	1.438337	0.012143	23.1
273	-0.863224	125.753473	1.440523	0.006998	23.4
274	-0.871188	126.227161	1.435888	0.020752	22.8
275	-0.862968	126.179994	1.436348	0.010601	23.6
276	-0.867743	125.953854	1.438558	0.015886	23.5
277	-0.867851	126.823392	1.430096	0.007839	22.9
278	-0.864619	127.152215	1.426922	0.009810	23.3
279	-0.860639	127.151087	1.426933	0.011851	22.6
280	-0.865265	127.751847	1.421170	0.010382	23.4
281	-0.853054	128.039296	1.418429	0.017761	22.2
282	-0.863383	127.835583	1.420371	0.032315	23.0
283	-0.864546	128.815263	1.411082	0.004139	23.8
284	-0.863552	128.595530	1.413155	0.004435	22.9
285	-0.867132	128.691412	1.412250	0.011637	23.0
286	-0.863141	128.786895	1.411350	0.011824	23.0
287	-0.866543	129.110944	1.408303	0.010806	25.3
288	-0.859364	128.938639	1.409921	0.023298	22.8
289	-0.864819	129.849479	1.401408	0.016586	23.7
290	-0.867785	129.626157	1.403486	0.035361	23.8
291	-0.859043	129.395296	1.405640	0.016197	31.7
292	-0.859293	130.376399	1.396530	0.021409	22.8
293	-0.864781	130.145375	1.398665	0.012378	22.6
294	-0.859630	129.914660	1.400803	0.032044	23.1
295	-0.867883	130.901500	1.391702	0.006396	24.5
296	-0.863951	130.749579	1.393096	0.023155	23.8
297	-0.865563	130.949133	1.391266	0.009683	23.9
298	-0.859817	130.730575	1.393270	0.012035	22.5
299	-0.861466	131.520101	1.386058	0.005628	23.9
300	-0.861120	131.362165	1.387495	0.023848	22.4
301	-0.865806	131.148666	1.389442	0.019895	23.2
302	-0.854632	132.148611	1.380370	0.010396	22.7
303	-0.863121	132.345392	1.378598	0.018285	23.1
304	-0.873064	132.526254	1.376974	0.013889	24.3
305	-0.866326	132.301680	1.378991	0.018888	23.2
306	-0.864635	133.251760	1.370498	0.006845	23.2
307	-0.865391	133.446014	1.368774	0.014033	24.7
308	-0.861655	133.267938	1.370354	0.007077	23.7
309	-0.861586	133.657122	1.366906	0.021016	24.5
310	-0.862379	133.436870	1.368855	0.015875	23.1
311	-0.870240	133.832377	1.365358	0.014952	23.5
312	-0.866677	134.655070	1.358142	0.014464	22.6
313	-0.861660	134.497795	1.359516	0.012081	23.1
314	-0.865610	135.008726	1.355063	0.024245	22.8
315	-0.862658	134.871849	1.356253	0.013433	23.6
316	-0.869446	134.654509	1.358147	0.012776	22.6
317	-0.866057	134.930808	1.355740	0.020179	23.1
318	-0.866638	134.785527	1.357005	0.033462	22.6
319	-0.868296	135.779675	1.348400	0.017123	23.7
320	-0.863860	136.775462	1.339890	0.011088	22.4
321	-0.863554	137.440439	1.334266	0.009440	23.5
322	-0.865590	138.123558	1.328538	0.008714	22.5
323	-0.858413	138.508005	1.325336	0.008324	30.5
324	-0.860543	138.378052	1.326417	0.011728	23.1
325	-0.871355	138.481207	1.325559	0.019708	22.5
326	-0.865558	139.320822	1.318617	0.013528	26.9
327	-0.863216	139.126604	1.320216	0.015851	23.4
328	-0.863995	139.297036	1.318812	0.026147	23.0
329	-0.868417	139.652677	1.315893	0.011855	23.6
330	-0.861395	139.421714	1.317787	0.044516	22.7
331	-0.868466	140.420891	1.309630	0.010651	22.9
332	-0.875754	140.336057	1.310319	0.015184	22.6
333	-0.858751	141.121400	1.303972	0.016441	24.5
334	-0.856755	140.928648	1.305524	0.005476	23.6
335	-0.850695	140.881347	1.305905	0.023437	22.9
336	-0.860636	141.129987	1.303902	0.003912	24.2
337	-0.863400	141.333731	1.302266	0.030146	22.5
338	-0.861657	141.297442	1.302557	0.022504	23.9
339	-0.863906	142.297441	1.294581	0.023414	22.2
340	-0.868562	143.295979	1.286713	0.023670	26.2
341	-0.868632	144.295965	1.278928	0.032257	22.8
342	-0.876230	144.064921	1.280718	0.019044	23.2
343	-0.858111	144.100202	1.280445	0.012821	27.5
344	-0.858712	144.316270	1.278771	0.015492	22.5
345	-0.867498	144.093641	1.280496	0.021010	26.7
346	-0.865690	143.863713	1.282282	0.019544	23.4
347	-0.860471	144.794057	1.275086	0.018297	22.4
348	-0.864115	145.713952	1.268050	0.021045	27.1
349	-0.865569	145.484154	1.269801	0.010718	22.4
350	-0.861279	145.721433	1.267993	0.005566	23.6
351	-0.866981	145.581575	1.269058	0.027143	23.1
352	-0.855661	146.207933	1.264304	0.007489	22.9
353	-0.864543	147.119910	1.257446	0.023098	23.2
354	-0.862704	147.166964	1.257094	0.017362	22.8
355	-0.873416	146.936905	1.258816	0.022239	23.4
356	-0.859850	146.709974	1.260519	0.017675	22.4
357	-0.856877	146.479337	1.262255	0.030353	23.3
358	-0.864169	147.479281	1.254764	0.012693	23.5
359	-0.872198	148.479085	1.247362	0.018775	23.4
360	-0.861885	148.598818	1.246481	0.004202	22.5
361	-0.861280	149.125150	1.242625	0.027201	23.1
362	-0.873429	148.909401	1.244202	0.022088	26.4
363	-0.870952	149.909401	1.236923	0.024572	22.3
364	-0.853274	150.909232	1.229729	0.015540	25.3
365	-0.873857	151.814757	1.223285	0.036096	25.3
366	-0.870232	151.583767	1.224922	0.009485	22.9
367	-0.857044	152.580202	1.217891	0.012004	23.0
368	-0.869330	152.756301	1.216656	0.008708	23.5
369	-0.868730	152.551377	1.218093	0.015338	23.6
370	-0.874839	152.862759	1.215911	0.032413	23.2
371	-0.863768	153.862674	1.208958	0.030158	23.6
372	-0.864505	154.862674	1.202084	0.016471	23.1
373	-0.863020	155.807167	1.195662	0.035627	23.2
374	-0.868941	156.805559	1.188949	0.029483	23.1
375	-0.868802	156.574514	1.190496	0.007108	23.0
376	-0.856676	157.503094	1.184303	0.010525	22.6
377	-0.860377	157.361478	1.185243	0.007034	24.0
378	-0.860492	157.456156	1.184614	0.009596	23.0
379	-0.871348	157.887471	1.181758	0.012882	23.1
380	-0.865922	158.623956	1.176913	0.028067	23.5
381	-0.863597	158.394911	1.178415	0.021321	26.4
382	-0.866571	159.394910	1.171883	0.019080	22.9
383	-0.865742	159.164244	1.173383	0.026103	24.1
384	-0.876475	160.064572	1.167549	0.022769	26.4
385	-0.856215	159.849096	1.168940	0.019961	23.1
386	-0.855949	159.676158	1.170059	0.030385	22.8
387	-0.871766	159.445180	1.171556	0.010747	23.5
388	-0.868404	160.174650	1.166839	0.007848	22.6
389	-0.864890	160.456193	1.165029	0.010099	23.3
390	-0.869226	160.264165	1.166263	0.013953	23.0
391	-0.871579	160.834912	1.162602	0.010856	23.1
392	-0.874273	161.254648	1.159925	0.013644	23.2
393	-0.857947	161.110919	1.160840	0.013075	22.4
394	-0.866318	161.137529	1.160671	0.006851	23.6
395	-0.864492	160.935651	1.161959	0.017653	23.0
396	-0.856416	161.066029	1.161126	0.021582	23.4
397	-0.863036	162.061966	1.154809	0.011681	23.6
398	-0.871519	162.787179	1.150253	0.019833	23.3
399	-0.857063	162.796380	1.150195	0.021444	23.0
400	-0.867911	162.688009	1.150874	0.017218	23.0
401	-0.869031	163.686617	1.144651	0.015657	26.4
402	-0.858596	163.456328	1.146080	0.006735	22.7
403	-0.861403	163.293375	1.147093	0.015988	25.4
404	-0.862063	164.064918	1.142311	0.013151	25.2
405	-0.870398	163.836561	1.143722	0.008539	23.7
406	-0.859863	163.650592	1.144874	0.016110	23.2
407	-0.864332	163.542717	1.145543	0.008893	22.6
408	-0.864147	163.319085	1.146933	0.009687	24.1
409	-0.863466	163.364235	1.146652	0.038708	23.1
410	-0.859706	163.135419	1.148077	0.014180	22.9
411	-0.866476	164.135414	1.141876	0.016484	24.9
412	-0.863937	165.059806	1.136203	0.015541	23.3
413	-0.864754	166.044488	1.130221	0.025762	25.0
414	-0.865467	165.813491	1.131619	0.029345	23.2
415	-0.864714	166.813491	1.125594	0.009614	23.6
416	-0.867376	166.589576	1.126937	0.013021	22.7
417	-0.866184	166.638264	1.126645	0.021901	23.1
418	-0.864179	166.408969	1.128023	0.008520	22.8
419	-0.859633	167.366011	1.122292	0.018352	23.2
420	-0.853109	168.274201	1.116907	0.027814	26.7
421	-0.864327	168.043158	1.118272	0.018738	23.5
422	-0.859112	169.042162	1.112394	0.018378	23.6
423	-0.866183	168.811906	1.113743	0.015377	25.2
424	-0.871755	169.797393	1.107990	0.006755	23.1
425	-0.869464	169.848680	1.107693	0.019767	23.2
426	-0.855267	170.461574	1.104147	0.023913	23.3
427	-0.865909	171.460889	1.098414	0.030618	23.5
428	-0.868330	172.460885	1.092736	0.011929	22.3
429	-0.865385	172.320142	1.093532	0.028056	23.5
430	-0.862253	172.089368	1.094839	0.023875	23.1
431	-0.850610	173.089368	1.089198	0.023591	23.3
432	-0.858965	173.133061	1.088953	0.020059	22.6
433	-0.859447	172.906954	1.090222	0.010723	23.2
434	-0.870469	173.232386	1.088396	0.010251	22.3
435	-0.864089	173.540525	1.086672	0.009504	23.1
436	-0.864874	173.341415	1.087785	0.028388	22.8
437	-0.858015	174.329817	1.082281	0.010960	23.2
438	-0.869363	174.099078	1.083561	0.020359	22.6
439	-0.867986	174.041342	1.083881	0.027962	22.8
440	-0.861299	175.041328	1.078353	0.008842	27.3
441	-0.866511	175.265512	1.077121	0.020093	42.1
442	-0.872318	175.317905	1.076833	0.011704	26.5
443	-0.868128	175.095433	1.078055	0.021889	23.6
444	-0.879030	176.031197	1.072935	0.023506	22.4
445	-0.866677	176.905540	1.068195	0.014974	23.2
446	-0.864746	177.905252	1.062826	0.026124	22.3
447	-0.855196	177.674227	1.064062	0.015859	23.5
448	-0.865441	178.673705	1.058736	0.022490	22.8
449	-0.868353	179.569039	1.054010	0.034912	23.6
450	-0.864659	180.569034	1.048781	0.016659	25.6
451	-0.857612	180.385678	1.049735	0.024175	23.5
452	-0.865373	181.385559	1.044549	0.011658	23.3
453	-0.874661	182.274843	1.039980	0.015913	22.8
454	-0.861178	183.223106	1.035151	0.025715	24.0
455	-0.869268	182.992162	1.036323	0.019554	22.5
456	-0.859923	183.992151	1.031267	0.022719	23.2
457	-0.862074	183.761339	1.032430	0.013108	23.4
458	-0.869236	184.598270	1.028227	0.009090	26.4
459	-0.866212	184.541276	1.028512	0.021093	23.4
460	-0.863848	184.795852	1.027240	0.022669	22.8
461	-0.872039	185.795846	1.022272	0.028596	25.0
462	-0.863937	185.570913	1.023386	0.023650	22.4
463	-0.858606	186.570912	1.018455	0.014815	22.9
464	-0.859462	186.340035	1.019589	0.018777	23.5
465	-0.861472	186.111355	1.020715	0.019492	23.0
466	-0.863850	187.097105	1.015880	0.006154	23.2
467	-0.867233	186.964543	1.016528	0.024228	22.4
468	-0.868245	187.193354	1.015410	0.018319	23.6
469	-0.858262	188.177203	1.010634	0.021128	22.8
470	-0.867815	189.172931	1.005846	0.004115	23.2
471	-0.860975	189.164122	1.005889	0.005217	22.3
472	-0.854710	189.139601	1.006006	0.019060	23.6
473	-0.875076	188.945111	1.006938	0.008316	23.1
474	-0.863073	188.728936	1.007976	0.013916	23.3
475	-0.877714	189.157500	1.005920	0.017226	22.5
476	-0.851936	188.946328	1.006932	0.045041	23.1
477	-0.864282	189.944984	1.002165	0.010369	23.0
478	-0.851381	190.944952	0.997437	0.015084	24.7
479	-0.872854	190.720137	0.998496	0.024439	23.6
480	-0.870097	190.491691	0.999574	0.027568	24.0
481	-0.857153	190.260647	1.000668	0.009821	27.3
482	-0.863378	191.255762	0.995976	0.024553	23.9
483	-0.859516	191.059554	0.996898	0.011645	22.4
484	-0.863271	191.974834	0.992613	0.019918	24.6
485	-0.866716	191.769242	0.993573	0.011469	22.3
486	-0.872489	191.739298	0.993712	0.014397	24.1
487	-0.860459	192.123161	0.991923	0.016224	22.3
488	-0.862932	193.109273	0.987354	0.010479	23.3
489	-0.855816	192.985518	0.987925	0.016536	24.7
490	-0.855394	192.931961	0.988173	0.020881	23.0
491	-0.865537	193.924868	0.983607	0.027925	23.8
492	-0.863846	194.924793	0.979052	0.021050	22.3
493	-0.865193	194.694024	0.980100	0.009623	23.9
494	-0.860324	195.264727	0.977513	0.009926	22.4
495	-0.864919	195.315587	0.977284	0.013977	23.4
496	-0.862911	195.749485	0.975327	0.012546	22.4
497	-0.865990	195.525131	0.976338	0.012257	26.6
498	-0.869939	196.361724	0.972580	0.013237	22.5
499	-0.877025	196.142171	0.973563	0.011547	23.1
500	-0.864041	195.930986	0.974511	0.020522	26.8
501	-0.854274	196.924258	0.970070	0.008176	23.3
502	-0.863302	196.950338	0.969953	0.009819	24.3
503	-0.857025	196.781733	0.970704	0.014379	22.6
504	-0.864617	196.744749	0.970869	0.018313	23.2
505	-0.864204	197.608643	0.967033	0.010701	23.4
506	-0.860584	198.399508	0.963547	0.016647	22.7
507	-0.859245	198.351889	0.963756	0.010870	23.4
508	-0.870206	198.126584	0.964747	0.027909	22.7
509	-0.857856	197.963254	0.965467	0.011064	23.3
510	-0.864035	197.734963	0.966474	0.014818	22.3
511	-0.868141	198.655838	0.962422	0.015385	23.7
512	-0.867411	199.102825	0.960468	0.014971	23.2
513	-0.864911	199.661677	0.958035	0.010947	22.7
514	-0.869107	200.347324	0.955068	0.028619	28.4
515	-0.855363	201.346543	0.950776	0.023995	22.9
516	-0.862733	202.345789	0.946522	0.016095	23.6
517	-0.856091	203.345511	0.942304	0.015582	23.1
518	-0.863241	204.335283	0.938165	0.021660	23.0
519	-0.857832	205.334050	0.934025	0.011714	25.1
520	-0.860848	205.282467	0.934238	0.016324	22.6
521	-0.858491	205.109930	0.934951	0.018406	23.8
522	-0.865015	205.837599	0.931952	0.028848	22.9
523	-0.861957	206.740856	0.928255	0.017764	41.4
524	-0.864582	207.740851	0.924197	0.011971	30.5
525	-0.865915	208.710446	0.920296	0.017722	45.0
526	-0.870613	209.630721	0.916624	0.008733	43.0
527	-0.858113	210.560267	0.912945	0.018319	31.3
528	-0.867956	210.373992	0.913680	0.018189	46.7
529	-0.863616	211.373226	0.909751	0.018102	45.9
530	-0.871646	211.151949	0.910618	0.020889	29.9
531	-0.863873	210.921499	0.911523	0.020224	42.1
532	-0.871063	211.920864	0.907612	0.004991	34.4
533	-0.857747	211.721491	0.908389	0.023669	43.8
534	-0.855872	211.573089	0.908969	0.013415	43.4
535	-0.860778	212.570237	0.905088	0.004765	42.3
536	-0.869095	212.428241	0.905639	0.013098	46.4
537	-0.861062	212.395409	0.905766	0.010832	38.5
538	-0.871149	212.857019	0.903978	0.014970	44.5
539	-0.875729	212.716087	0.904523	0.009872	37.0
540	-0.861470	213.122408	0.902954	0.015836	47.0
541	-0.859450	213.995521	0.899599	0.009172	43.1
542	-0.867539	213.848604	0.900162	0.007766	45.4
543	-0.870572	213.741227	0.900573	0.005433	26.1
544	-0.865308	213.696141	0.900746	0.029624	29.4
545	-0.858197	213.983862	0.899643	0.011025	28.7
546	-0.859490	213.753168	0.900528	0.006190	22.6
547	-0.861979	213.632760	0.900990	0.007202	23.6
548	-0.861587	213.775643	0.900441	0.028410	23.8
549	-0.875472	214.292245	0.898464	0.033808	23.2
550	-0.859390	215.292245	0.894662	0.005012	23.0
551	-0.865913	216.200482	0.891236	0.018596	25.4
552	-0.864157	216.331097	0.890746	0.040859	24.6
553	-0.859803	216.100055	0.891614	0.009229	24.2
554	-0.863497	215.869120	0.892483	0.015618	22.4
555	-0.862204	216.630263	0.889624	0.028555	23.5
556	-0.858182	216.399262	0.890490	0.007295	23.4
557	-0.866975	216.236091	0.891103	0.014721	23.2
558	-0.861174	216.922972	0.888530	0.017735	22.9
559	-0.862468	217.911299	0.884854	0.007315	23.5
560	-0.862989	217.720457	0.885562	0.016874	22.8
561	-0.861167	217.499424	0.886382	0.017643	27.3
562	-0.869107	217.923719	0.884808	0.017275	23.4
563	-0.868885	218.922375	0.881125	0.025870	22.7
564	-0.871054	219.921767	0.877470	0.020231	26.3
565	-0.861693	220.921761	0.873843	0.004222	23.4
566	-0.855709	220.907564	0.873895	0.019803	23.1
567	-0.859412	220.997412	0.873570	0.015843	23.7
568	-0.863784	220.865413	0.874047	0.009640	22.5
569	-0.857414	220.790108	0.874319	0.008691	23.9
570	-0.875957	221.167158	0.872958	0.008546	22.5
571	-0.858195	220.970898	0.873666	0.021348	23.3
572	-0.860026	221.741065	0.870894	0.021743	22.5
573	-0.854571	222.741009	0.867321	0.012789	23.3
574	-0.872502	222.510232	0.868143	0.007070	23.4
575	-0.868833	222.390272	0.868571	0.013174	22.8
576	-0.859550	222.225796	0.869158	0.015417	23.2
577	-0.865357	222.879026	0.866830	0.024722	23.3
578	-0.858956	223.731445	0.863811	0.019359	23.1
579	-0.864234	223.514752	0.864576	0.013795	22.6
580	-0.859755	223.389096	0.865021	0.015414	26.5
581	-0.864875	223.196084	0.865705	0.015025	22.5
582	-0.869991	223.821802	0.863492	0.010064	25.8
583	-0.866463	223.598257	0.864281	0.022975	27.7
584	-0.861676	223.375347	0.865070	0.016812	22.6
585	-0.877861	224.375160	0.861545	0.017297	23.1
586	-0.869044	224.481225	0.861173	0.017793	22.8
587	-0.862022	225.172866	0.858753	0.010941	23.7
588	-0.864615	224.975297	0.859443	0.019321	23.0
589	-0.864334	224.750838	0.860228	0.009436	22.8
590	-0.865168	225.389239	0.857999	0.019249	24.8
591	-0.866897	225.160219	0.858797	0.014803	24.2
592	-0.861592	226.141318	0.855388	0.003319	23.5
593	-0.871889	226.108529	0.855501	0.022782	22.5
594	-0.866600	226.020345	0.855807	0.012050	22.8
595	-0.856326	225.814917	0.856519	0.016526	23.4
596	-0.860203	226.740915	0.853318	0.021552	23.0
597	-0.865158	226.509910	0.854114	0.007899	22.8
598	-0.857197	226.726997	0.853366	0.012993	24.0
599	-0.875419	226.517640	0.854087	0.008506	23.9
600	-0.869876	226.395025	0.854511	0.018340	25.9
601	-0.862136	226.174699	0.855272	0.022956	23.2
602	-0.868132	226.438141	0.854362	0.023288	26.6
603	-0.864251	226.207099	0.855160	0.016730	24.5
604	-0.868600	225.977628	0.855955	0.028492	24.8
605	-0.858313	226.977240	0.852504	0.007231	22.7
606	-0.872415	226.747715	0.853294	0.005042	25.1
607	-0.864466	226.912453	0.852727	0.033343	23.8
608	-0.861493	227.803871	0.849672	0.013282	23.8
609	-0.863346	228.803775	0.846271	0.009624	23.0
610	-0.857886	228.589169	0.846999	0.020987	22.5
611	-0.861236	228.390713	0.847673	0.008620	23.1
612	-0.862157	229.001828	0.845601	0.013755	24.1
613	-0.868955	229.295953	0.844607	0.006214	22.7
614	-0.866378	229.151336	0.845095	0.008362	23.2
615	-0.860270	229.022796	0.845530	0.010796	23.3
616	-0.852707	228.833474	0.846170	0.019580	24.2
617	-0.869280	229.791306	0.842939	0.015174	22.4
618	-0.863788	230.582127	0.840289	0.015051	24.2
619	-0.867224	230.540304	0.840429	0.022376	26.1
620	-0.862182	231.539394	0.837104	0.011233	25.2
621	-0.866187	231.322175	0.837824	0.022083	25.0
622	-0.867685	231.091616	0.838591	0.016633	23.6
623	-0.863292	230.861585	0.839357	0.024817	23.7
624	-0.861242	231.859623	0.836044	0.007154	22.9
625	-0.859114	232.710215	0.833241	0.018364	22.8
626	-0.855891	233.322424	0.831235	0.010746	24.2
627	-0.865647	233.092526	0.831987	0.013997	23.0
628	-0.861553	232.895856	0.832632	0.023585	24.4
629	-0.859579	232.748332	0.833116	0.013968	24.8
630	-0.864993	233.742245	0.829865	0.012369	23.0
631	-0.871118	233.517104	0.830599	0.017541	23.3
632	-0.853330	234.267368	0.828158	0.011936	22.9
633	-0.861280	234.519950	0.827339	0.008733	23.5
634	-0.860229	234.549260	0.827244	0.007560	22.8
635	-0.863323	234.876429	0.826187	0.011011	23.8
636	-0.874563	235.029193	0.825694	0.024650	22.6
637	-0.867854	234.937082	0.825991	0.008157	24.1
638	-0.855272	234.707491	0.826732	0.013986	24.2
639	-0.860771	235.503927	0.824166	0.015285	22.8
640	-0.857801	236.201439	0.821930	0.019945	23.3
641	-0.859032	235.970465	0.822669	0.016764	24.9
642	-0.870090	235.754629	0.823361	0.027723	23.5
643	-0.861933	236.754211	0.820168	0.019111	22.4
644	-0.866763	236.523315	0.820903	0.014823	24.4
645	-0.863278	236.292725	0.821639	0.010567	22.5
646	-0.864924	236.076113	0.822331	0.018657	23.2
647	-0.865045	236.543843	0.820838	0.018408	23.0
648	-0.868516	236.436007	0.821182	0.016632	23.3
649	-0.881341	236.232851	0.821830	0.008915	23.2
650	-0.866787	236.008596	0.822547	0.009524	23.3
651	-0.861593	235.804169	0.823202	0.009162	23.8
652	-0.856520	235.854557	0.823040	0.010256	22.5
653	-0.868061	236.414329	0.821251	0.033833	23.6
654	-0.869407	236.525840	0.820895	0.009748	22.6
655	-0.861892	237.046053	0.819240	0.015277	24.0
656	-0.856251	237.824806	0.816775	0.021793	22.2
657	-0.880588	237.874991	0.816617	0.012679	22.8
658	-0.860793	238.804195	0.813696	0.013700	28.6
659	-0.856235	238.600406	0.814335	0.022448	37.7
660	-0.860296	238.370664	0.815056	0.014518	27.1
661	-0.861933	238.186514	0.815635	0.010069	22.5
662	-0.858463	238.878760	0.813463	0.012548	22.8
663	-0.867240	239.238242	0.812339	0.015849	22.5
664	-0.865021	239.011685	0.813047	0.013259	23.1
665	-0.864524	239.599889	0.811212	0.006455	23.7
666	-0.870783	239.502745	0.811514	0.020454	24.8
667	-0.866009	239.947898	0.810130	0.008776	23.9
668	-0.862946	239.724029	0.810825	0.030091	24.8
669	-0.863517	239.543802	0.811386	0.006455	23.7
670	-0.865956	239.894580	0.810295	0.008845	22.9
671	-0.865459	240.024060	0.809894	0.022344	22.7
672	-0.861457	239.795128	0.810604	0.004194	24.1
673	-0.862148	239.629630	0.811119	0.018204	22.9
674	-0.859098	239.596469	0.811222	0.011221	23.4
675	-0.863535	239.366919	0.811938	0.016823	22.6
676	-0.861914	240.316336	0.808988	0.018359	23.8
677	-0.869570	240.098702	0.809662	0.024048	26.3
678	-0.854260	241.091243	0.806596	0.015964	23.0
679	-0.856864	242.090114	0.803533	0.020632	23.2
680	-0.864692	241.859767	0.804238	0.011556	23.1
681	-0.865047	241.634267	0.804928	0.007287	23.4
682	-0.855698	241.462308	0.805455	0.009965	23.0
683	-0.867480	241.307988	0.805929	0.016487	23.9
684	-0.859435	241.890959	0.804142	0.006277	24.2
685	-0.858454	241.702525	0.804719	0.004926	23.3
686	-0.866850	241.726711	0.804645	0.024538	23.4
687	-0.863242	241.551187	0.805183	0.012970	23.6
688	-0.869468	241.648974	0.804883	0.006471	23.6
689	-0.859336	241.602818	0.805024	0.013905	22.8
690	-0.862515	241.582250	0.805088	0.003644	27.7
691	-0.859877	241.581392	0.805090	0.021286	22.7
692	-0.859834	241.554575	0.805172	0.043035	22.8
693	-0.869496	242.528802	0.802196	0.040423	23.7
694	-0.864389	243.528802	0.799163	0.027120	22.5
695	-0.858987	244.528802	0.796154	0.018565	23.5
696	-0.867409	245.528794	0.793166	0.006730	24.8
697	-0.854656	245.345772	0.793711	0.015253	23.6
698	-0.867157	245.350144	0.793698	0.006794	23.9
699	-0.863479	245.331193	0.793755	0.010478	25.8
700	-0.872847	245.361991	0.793663	0.008218	23.6
701	-0.860962	245.819064	0.792304	0.022414	23.1
702	-0.867388	245.639540	0.792837	0.016334	22.9
703	-0.871546	245.408591	0.793524	0.021412	22.5
704	-0.867175	246.234453	0.791072	0.020767	24.6
705	-0.859196	246.003420	0.791756	0.014281	22.5
706	-0.864787	246.636200	0.789885	0.010426	25.4
707	-0.863845	246.496031	0.790298	0.010491	23.7
708	-0.855911	246.394898	0.790597	0.019032	22.8
709	-0.865738	246.176666	0.791243	0.015802	23.5
710	-0.862674	246.871720	0.789190	0.007460	22.4
711	-0.878465	247.461828	0.787455	0.009869	23.5
712	-0.857755	247.903837	0.786161	0.013858	22.8
713	-0.865325	247.710755	0.786726	0.007917	23.4
714	-0.857684	247.618150	0.786997	0.011020	22.8
715	-0.863466	248.229609	0.785210	0.018005	24.4
716	-0.866656	248.206822	0.785276	0.029677	23.3
717	-0.868397	247.997203	0.785888	0.020872	22.4
718	-0.871394	248.989120	0.783001	0.015228	24.7
719	-0.870543	248.759345	0.783668	0.019278	22.6
720	-0.865652	248.528491	0.784339	0.008888	23.9
721	-0.867674	248.300552	0.785003	0.016909	22.4
722	-0.860449	248.089445	0.785619	0.017026	23.0
723	-0.873223	249.082652	0.782730	0.018926	22.5
724	-0.867802	250.061127	0.779904	0.015037	22.6
725	-0.871869	251.008487	0.777188	0.015168	22.5
726	-0.859721	250.783782	0.777830	0.011933	23.7
727	-0.865536	250.563000	0.778463	0.020307	22.6
728	-0.864993	250.354181	0.779062	0.025647	22.8
729	-0.865753	251.354091	0.776202	0.014527	23.1
730	-0.869403	252.351177	0.773370	0.015122	23.5
731	-0.860456	252.332479	0.773423	0.011638	23.5
732	-0.860903	253.260674	0.770806	0.014833	22.7
733	-0.864682	253.045729	0.771410	0.021918	23.5
734	-0.874053	254.033532	0.768640	0.010323	24.4
735	-0.866589	253.980137	0.768789	0.016242	25.0
736	-0.860757	253.752241	0.769427	0.010772	22.4
737	-0.858724	253.524068	0.770066	0.012644	24.9
738	-0.859232	254.027867	0.768656	0.014456	25.4
739	-0.854637	254.050333	0.768593	0.013702	22.3
740	-0.859787	255.008896	0.765923	0.008791	23.4
741	-0.855181	254.791815	0.766526	0.024777	22.8
742	-0.864089	255.769626	0.763818	0.017076	22.8
743	-0.871552	256.765709	0.761079	0.009799	22.2
744	-0.871193	256.603408	0.761524	0.013767	23.5
745	-0.867947	256.534938	0.761712	0.026047	23.2
746	-0.862225	257.534484	0.758979	0.024611	23.5
747	-0.865364	257.303440	0.759609	0.020509	24.3
748	-0.869814	257.335475	0.759521	0.006372	23.3
749	-0.862900	257.122473	0.760103	0.014080	23.3
750	-0.859678	256.927599	0.760636	0.005888	23.0
751	-0.852309	256.747594	0.761129	0.006102	23.8
752	-0.867344	256.695648	0.761271	0.024608	22.6
753	-0.863809	256.472425	0.761884	0.017657	22.9
754	-0.865268	257.424335	0.759279	0.014793	22.3
755	-0.855390	257.193669	0.759908	0.014399	27.4
756	-0.857699	257.457608	0.759188	0.010006	23.3
757	-0.869497	258.275279	0.756965	0.014157	22.8
758	-0.862821	259.152589	0.754595	0.032947	24.6
759	-0.878708	260.152125	0.751912	0.023695	22.6
760	-0.874853	259.969791	0.752400	0.016257	22.9
761	-0.871907	260.964392	0.749746	0.017166	22.9
762	-0.861920	260.745649	0.750328	0.012836	23.5
763	-0.866917	260.763946	0.750279	0.020653	22.9
764	-0.867866	260.535960	0.750887	0.014929	22.6
765	-0.856888	261.532190	0.748239	0.030780	24.1
766	-0.871397	261.301149	0.748852	0.015250	22.6
767	-0.870317	261.131383	0.749302	0.025380	23.7
768	-0.865429	260.900382	0.749916	0.018951	22.2
769	-0.860975	260.669396	0.750531	0.030353	23.5
770	-0.864454	260.438351	0.751147	0.015642	24.0
771	-0.864478	260.228296	0.751708	0.011139	22.9
772	-0.864083	260.013231	0.752284	0.014900	22.4
773	-0.864825	259.791524	0.752878	0.017402	25.1
774	-0.866728	259.609495	0.753366	0.014134	24.6
775	-0.870733	259.378759	0.753986	0.009383	22.8
776	-0.873949	259.468233	0.753746	0.019696	25.5
777	-0.862983	259.339756	0.754091	0.014035	27.0
778	-0.862455	260.321188	0.751460	0.013371	22.4
779	-0.865201	261.275630	0.748919	0.014870	23.4
780	-0.866856	261.045772	0.749530	0.013138	22.6
781	-0.870412	261.800279	0.747530	0.020540	23.3
782	-0.870778	261.569610	0.748140	0.007585	23.9
783	-0.851517	262.461043	0.745787	0.011218	23.2
784	-0.859263	262.404949	0.745935	0.014100	23.1
785	-0.861235	262.244806	0.746357	0.007947	23.0
786	-0.861816	262.990475	0.744397	0.026463	23.7
787	-0.869583	263.967105	0.741846	0.015523	23.3
788	-0.860456	264.966857	0.739252	0.025702	23.3
789	-0.871883	265.966582	0.736677	0.014072	24.7
790	-0.856680	266.963556	0.734127	0.011373	23.7
791	-0.864168	266.737301	0.734704	0.012994	23.1
792	-0.868411	266.598120	0.735059	0.012398	23.1
793	-0.865312	267.437530	0.732920	0.016547	22.6
794	-0.866146	268.321359	0.730681	0.017870	23.3
795	-0.866115	269.248059	0.728348	0.006574	23.2
796	-0.867887	269.621694	0.727412	0.014430	22.3
797	-0.869716	269.459493	0.727818	0.016060	23.9
798	-0.868489	269.962946	0.726559	0.026251	23.1
799	-0.867297	269.731914	0.727136	0.013606	23.7
800	-0.870514	269.503480	0.727708	0.015134	22.8
801	-0.860108	270.099079	0.726219	0.010180	23.3
802	-0.869081	270.227980	0.725898	0.007854	22.8
803	-0.862051	270.140581	0.726116	0.014437	23.5
804	-0.863663	269.982034	0.726511	0.016974	22.5
805	-0.866501	270.655873	0.724833	0.015237	22.9
806	-0.868312	270.425079	0.725407	0.013412	23.1
807	-0.864197	271.356368	0.723096	0.008114	23.2
808	-0.857421	271.140536	0.723630	0.011320	23.2
809	-0.857775	271.567528	0.722574	0.016194	27.3
810	-0.864988	271.343260	0.723128	0.014957	30.1
811	-0.866250	271.280978	0.723282	0.015513	25.4
812	-0.860012	271.050836	0.723852	0.016395	22.7
813	-0.854232	272.027130	0.721441	0.023262	22.9
814	-0.856599	273.026990	0.718987	0.012953	22.7
815	-0.875448	273.993722	0.716631	0.030213	24.0
816	-0.859180	274.888624	0.714464	0.014344	23.7
817	-0.860883	274.658488	0.715020	0.022210	22.4
818	-0.860405	274.432928	0.715566	0.007834	23.4
819	-0.859969	274.426250	0.715582	0.021956	23.2
820	-0.871361	274.204224	0.716120	0.018304	24.7
821	-0.866235	274.230195	0.716057	0.016206	22.7
822	-0.874625	273.999709	0.716617	0.009779	23.0
823	-0.875118	273.866958	0.716939	0.014368	25.9
824	-0.863293	274.010638	0.716590	0.014347	22.8
825	-0.865412	273.942232	0.716756	0.022435	23.2
826	-0.860465	274.025605	0.716554	0.026643	22.9
827	-0.858734	275.024658	0.714135	0.008681	23.6
828	-0.866520	274.794218	0.714692	0.021920	26.8
829	-0.855743	275.083918	0.713992	0.009216	22.8
830	-0.855298	275.908508	0.712010	0.018996	23.9
831	-0.869442	275.693358	0.712526	0.025021	22.9
832	-0.864490	276.693351	0.710132	0.015907	26.9
833	-0.864395	277.692135	0.707758	0.030657	24.1
834	-0.864953	277.850972	0.707382	0.006450	22.8
835	-0.861771	277.626439	0.707914	0.029221	26.8
836	-0.859936	278.350722	0.706201	0.009326	22.6
837	-0.870694	279.131497	0.704364	0.011935	23.7
838	-0.871840	279.401552	0.703730	0.011040	22.6
839	-0.865478	280.202637	0.701859	0.018978	22.9
840	-0.871282	279.975118	0.702389	0.012455	23.1
841	-0.865524	279.898222	0.702569	0.023198	23.7
842	-0.867096	279.668291	0.703106	0.011875	23.6
843	-0.860273	280.623001	0.700881	0.019188	22.2
844	-0.862338	280.416110	0.701362	0.027946	23.5
845	-0.860505	281.416109	0.699042	0.014949	22.2
846	-0.872981	282.416060	0.696739	0.006756	23.4
847	-0.869453	282.830392	0.695788	0.026913	22.2
848	-0.872809	282.606852	0.696301	0.015564	23.8
849	-0.860932	283.592680	0.694047	0.005606	24.0
850	-0.866395	283.406607	0.694471	0.024264	22.8
851	-0.867658	283.887668	0.693376	0.027500	25.1
852	-0.859884	284.887667	0.691109	0.009989	22.7
853	-0.876728	285.878146	0.688878	0.004574	23.8
854	-0.874469	285.731199	0.689208	0.018378	27.8
855	-0.866043	285.933595	0.688754	0.022005	23.8
856	-0.870732	285.705860	0.689265	0.027889	24.0
857	-0.869020	285.481693	0.689769	0.007940	22.4
858	-0.866241	286.461868	0.687570	0.018902	25.9
859	-0.855191	286.277580	0.687983	0.021952	22.9
860	-0.872421	287.277312	0.685752	0.018433	22.8
861	-0.862543	287.051380	0.686255	0.008532	23.3
862	-0.863202	287.558028	0.685128	0.015120	25.4
863	-0.861128	287.338842	0.685615	0.007247	24.0
864	-0.861379	287.793376	0.684606	0.026850	22.4
865	-0.869074	288.669138	0.682670	0.020365	23.7
866	-0.867083	288.962962	0.682022	0.013582	23.1
867	-0.856381	288.735083	0.682524	0.013691	23.0
868	-0.862153	289.691871	0.680422	0.020285	23.6
869	-0.870957	289.462586	0.680925	0.008677	23.4
870	-0.862007	289.234309	0.681426	0.016265	23.1
871	-0.856929	289.530955	0.680775	0.012615	25.3
872	-0.861288	290.326979	0.679034	0.011825	23.3
873	-0.864505	290.100653	0.679528	0.012040	22.7
874	-0.860235	290.452701	0.678760	0.023804	26.4
875	-0.866098	290.221960	0.679263	0.020128	22.8
876	-0.857043	291.221399	0.677089	0.013465	22.7
877	-0.857316	292.200699	0.674972	0.033386	23.8
878	-0.869187	293.200593	0.672824	0.023622	22.8
879	-0.854219	292.969549	0.673319	0.042981	23.3
880	-0.871810	293.969549	0.671181	0.013108	22.8
881	-0.856592	293.738522	0.671674	0.018795	23.5
882	-0.861369	293.601544	0.671966	0.011521	25.9
883	-0.871028	293.580640	0.672011	0.001972	23.6
884	-0.856088	293.523066	0.672134	0.025229	23.6
885	-0.864322	293.436924	0.672318	0.014424	23.4
886	-0.867231	293.206037	0.672812	0.014834	23.6
887	-0.864574	292.981155	0.673294	0.014098	24.4
888	-0.867971	293.922629	0.671281	0.031511	23.1
889	-0.865728	293.691585	0.671774	0.028163	22.8
890	-0.858580	294.691585	0.669646	0.011957	26.4
891	-0.869144	295.347684	0.668257	0.019401	24.2
892	-0.860326	295.186559	0.668598	0.010792	24.3
893	-0.857526	296.123508	0.666623	0.016872	24.6
894	-0.861177	296.625414	0.665569	0.028971	23.8
895	-0.868957	297.624601	0.663482	0.012107	22.3
896	-0.867556	298.620346	0.661415	0.010789	23.3
897	-0.863046	298.664730	0.661323	0.017048	22.6
898	-0.853053	298.776177	0.661093	0.009528	24.0
899	-0.860318	298.586689	0.661485	0.016691	22.8
900	-0.866559	299.338814	0.659932	0.020870	24.7
901	-0.860219	300.290066	0.657978	0.017399	24.5
902	-0.864354	300.099000	0.658369	0.013418	22.7
903	-0.853461	299.872770	0.658833	0.010055	23.3
904	-0.857182	299.807398	0.658968	0.025113	22.8
905	-0.867067	299.576650	0.659442	0.027982	24.5
906	-0.862394	300.576649	0.657391	0.008976	23.1
907	-0.861316	300.361026	0.657832	0.019679	23.0
908	-0.864590	300.883229	0.656765	0.018299	22.7
909	-0.870696	300.652388	0.657237	0.015328	23.5
910	-0.860960	301.650263	0.655204	0.019730	22.5
911	-0.863815	301.626216	0.655253	0.018850	23.0
912	-0.864042	302.625709	0.653229	0.014341	23.1
913	-0.861567	303.316208	0.651838	0.011812	24.1
914	-0.864071	303.125903	0.652221	0.020067	23.6
915	-0.860921	303.043396	0.652387	0.012620	22.4
916	-0.864339	304.035659	0.650395	0.027384	23.6
917	-0.866572	303.804641	0.650858	0.012037	22.5
918	-0.877688	304.800064	0.648869	0.010580	24.2
919	-0.863978	304.588281	0.649291	0.003135	22.8
920	-0.866231	304.670671	0.649127	0.008928	23.1
921	-0.866027	304.655351	0.649158	0.010100	22.7
922	-0.858441	304.448636	0.649570	0.014153	22.8
923	-0.866336	304.680931	0.649107	0.008847	22.4
924	-0.851592	304.647255	0.649174	0.020703	22.6
925	-0.862245	305.513991	0.647451	0.018812	22.6
926	-0.867860	305.379187	0.647718	0.011610	26.7
927	-0.866125	305.170758	0.648132	0.020835	23.8
928	-0.871456	304.947985	0.648575	0.019137	22.6
929	-0.862219	305.098259	0.648276	0.014890	26.6
930	-0.863870	305.078939	0.648314	0.018470	23.4
931	-0.865025	305.787771	0.646908	0.016714	24.1
932	-0.863746	305.559588	0.647360	0.017898	26.6
933	-0.864180	305.516677	0.647445	0.019770	23.5
934	-0.867667	305.285683	0.647904	0.022704	24.1
935	-0.876655	306.274610	0.645946	0.029448	26.3
936	-0.856182	307.274212	0.643979	0.013652	23.0
937	-0.861567	307.043532	0.644432	0.015503	23.1
938	-0.865433	307.061483	0.644397	0.018563	22.6
939	-0.861061	306.831580	0.644848	0.020022	25.3
940	-0.859066	307.831427	0.642888	0.023479	24.5
941	-0.864547	308.806991	0.640986	0.009041	22.7
942	-0.852853	308.579604	0.641428	0.037347	23.5
943	-0.858033	308.348887	0.641878	0.011678	23.1
944	-0.872949	309.343865	0.639944	0.008802	23.4
945	-0.860255	309.227569	0.640170	0.021690	23.6
946	-0.864712	308.997997	0.640615	0.019042	22.9
947	-0.866249	309.798984	0.639064	0.007643	22.8
948	-0.865706	309.725284	0.639206	0.016118	28.4
949	-0.872330	309.974959	0.638724	0.025564	22.7
950	-0.873087	310.688994	0.637349	0.012116	22.4
951	-0.864287	310.458836	0.637792	0.020620	26.6
952	-0.873082	311.381892	0.636020	0.017395	22.8
953	-0.870791	311.150922	0.636463	0.031040	22.6
954	-0.858777	311.488253	0.635817	0.020127	23.5
955	-0.860645	312.336473	0.634199	0.017125	23.6
956	-0.860793	312.220763	0.634419	0.016059	24.2
957	-0.870038	313.068143	0.632810	0.023683	22.3
958	-0.859286	314.067621	0.630922	0.019584	23.3
959	-0.872641	313.838241	0.631355	0.015482	22.8
960	-0.864537	313.784995	0.631455	0.007980	23.0
961	-0.861209	314.473448	0.630159	0.010339	23.2
962	-0.862651	314.372804	0.630348	0.020456	23.0
963	-0.865464	314.246665	0.630586	0.014410	23.1
964	-0.868526	315.162010	0.628868	0.014668	22.4
965	-0.864947	314.931639	0.629300	0.021508	23.2
966	-0.862894	314.701978	0.629730	0.012952	23.2
967	-0.876142	315.694633	0.627874	0.018505	23.6
968	-0.869471	315.491245	0.628253	0.006625	25.0
969	-0.865078	315.469607	0.628294	0.026999	23.1
970	-0.870472	316.303334	0.626741	0.015811	25.1
971	-0.867739	316.076856	0.627162	0.018511	22.6
972	-0.864655	316.493486	0.626387	0.022510	23.3
973	-0.868120	316.265120	0.626812	0.026236	25.1
974	-0.867425	316.850905	0.625725	0.010433	22.8
975	-0.864524	316.654330	0.626089	0.015967	22.4
976	-0.862496	317.354942	0.624793	0.013130	23.1
977	-0.871391	317.126330	0.625215	0.011362	22.6
978	-0.864136	317.282070	0.624927	0.021420	24.8
979	-0.863951	318.200614	0.623235	0.018125	24.0
980	-0.854867	317.970963	0.623657	0.010068	23.0
981	-0.868187	318.004047	0.623596	0.008253	23.8
982	-0.859269	317.829728	0.623917	0.007918	23.0
983	-0.864167	317.669063	0.624213	0.017390	23.7
984	-0.866181	318.240313	0.623162	0.011873	22.7
985	-0.865742	318.011773	0.623582	0.020495	22.7
986	-0.859080	318.857847	0.622030	0.025432	23.1
987	-0.864437	318.626803	0.622453	0.006333	26.5
988	-0.871523	318.457034	0.622764	0.014655	23.5
989	-0.856387	318.883606	0.621983	0.018135	22.3
990	-0.860752	319.846684	0.620225	0.014492	27.1
991	-0.871187	320.561116	0.618928	0.033297	22.6
992	-0.869089	321.561061	0.617121	0.020976	23.1
993	-0.871864	322.561059	0.615325	0.025877	22.8
994	-0.871468	323.561054	0.613539	0.019645	24.2
995	-0.865039	323.330222	0.613950	0.026572	23.7
996	-0.870185	324.330220	0.612173	0.010114	24.6
997	-0.858767	324.193331	0.612415	0.014643	23.0
998	-0.874502	324.009658	0.612741	0.006165	23.1
999	-0.876644	324.265991	0.612286	0.016146	22.7
