1:ItNr	2:Metric	3:StepSize	4:||Gradient||	Time[ms]
0	-1.404409	37.506172	0.005830	96.7
1	-1.408191	37.070290	0.005573	28.7
2	-1.387556	36.647632	0.005507	29.5
3	-1.395910	36.237560	0.005639	26.7
4	-1.398487	35.839476	0.005491	27.2
5	-1.406706	35.452821	0.005787	27.7
6	-1.407450	35.077072	0.005635	26.8
7	-1.420709	34.711736	0.005614	26.7
8	-1.394880	34.356355	0.005417	27.2
9	-1.401070	34.010494	0.005685	27.3
10	-1.417854	33.673746	0.005457	29.1
11	-1.409012	33.345727	0.005284	26.8
12	-1.403836	33.026076	0.005435	27.1
13	-1.407527	32.714452	0.005565	27.2
14	-1.408345	32.410531	0.005809	26.9
15	-1.417664	32.114010	0.005412	27.7
16	-1.402642	31.824600	0.005368	26.9
17	-1.403495	31.542029	0.005498	29.4
18	-1.430227	31.266037	0.005733	31.7
19	-1.431357	30.996380	0.005582	30.2
20	-1.427946	30.732824	0.005454	26.9
21	-1.423069	30.475148	0.005307	28.9
22	-1.416291	30.223143	0.005590	27.0
23	-1.416580	29.976609	0.005600	27.1
24	-1.408791	29.735354	0.005563	26.9
25	-1.424097	29.499198	0.005348	26.8
26	-1.419449	29.267968	0.005436	27.0
27	-1.433379	29.041500	0.005611	27.0
28	-1.437131	28.819635	0.005722	26.9
29	-1.405211	28.602225	0.005271	42.6
30	-1.423288	28.389125	0.005604	34.9
31	-1.415030	28.180199	0.005387	27.3
32	-1.422614	27.975315	0.005559	26.7
33	-1.437607	27.774347	0.005377	30.6
34	-1.417839	27.577176	0.005286	27.1
35	-1.433785	27.383687	0.005540	31.8
36	-1.439252	27.193769	0.005458	27.3
37	-1.425702	27.007316	0.005417	27.3
38	-1.415475	26.824226	0.005367	27.4
39	-1.454498	26.644403	0.005386	27.3
40	-1.439937	26.467753	0.005535	27.3
41	-1.417873	26.294185	0.005315	27.8
42	-1.438435	26.123614	0.005367	28.3
43	-1.436788	25.955956	0.005443	28.0
44	-1.417918	25.791131	0.005333	27.2
45	-1.430771	25.629062	0.005362	27.0
46	-1.446486	25.469675	0.005448	26.9
47	-1.424931	25.312899	0.005363	26.9
48	-1.422331	25.158666	0.005322	26.9
49	-1.420107	25.006908	0.005260	26.5
50	-1.440628	24.857562	0.005322	28.5
51	-1.426097	24.710566	0.005273	26.9
52	-1.428179	24.565861	0.005293	26.9
53	-1.447323	24.423389	0.005370	27.1
54	-1.447506	24.283095	0.005374	27.2
55	-1.430872	24.144925	0.005356	27.2
56	-1.437683	24.008828	0.005273	27.0
57	-1.431068	23.874753	0.005337	26.8
58	-1.431776	23.742653	0.005218	26.9
59	-1.447758	23.612480	0.005232	27.5
60	-1.443373	23.484189	0.005633	27.1
61	-1.435461	23.357736	0.005306	27.1
62	-1.453785	23.233079	0.005241	26.8
63	-1.442976	23.110177	0.005509	27.2
64	-1.441212	22.988990	0.005224	26.9
65	-1.420471	22.869480	0.005285	26.7
66	-1.437807	22.751608	0.005234	27.0
67	-1.435654	22.635340	0.005139	31.1
68	-1.441719	22.520640	0.005103	27.3
69	-1.422835	22.407473	0.005120	28.8
70	-1.438955	22.295807	0.004930	27.0
71	-1.453611	22.185610	0.005137	26.8
72	-1.457575	22.076850	0.005321	26.8
73	-1.446213	21.969498	0.005291	27.0
74	-1.444348	21.863524	0.005134	26.7
75	-1.452256	21.758899	0.005027	27.1
76	-1.425612	21.655597	0.004944	27.6
77	-1.441640	21.553589	0.005348	27.0
78	-1.451529	21.452849	0.005259	26.9
79	-1.446438	21.353354	0.005099	26.9
80	-1.450919	21.255076	0.005205	27.5
81	-1.439282	21.157994	0.005014	26.8
82	-1.460014	21.062082	0.005298	27.3
83	-1.450232	20.967319	0.005227	26.9
84	-1.458369	20.873682	0.005117	27.0
85	-1.445003	20.781150	0.005066	28.2
86	-1.433311	20.689701	0.005135	26.8
87	-1.451671	20.599315	0.005079	30.0
88	-1.456321	20.509973	0.005182	27.0
89	-1.436576	20.421654	0.005209	27.1
90	-1.436872	20.334340	0.004947	26.8
91	-1.462641	20.248013	0.005132	26.7
92	-1.455456	20.162654	0.005001	28.8
93	-1.442319	20.078246	0.004868	40.6
94	-1.450783	19.994772	0.005320	30.5
95	-1.457579	19.912215	0.004859	49.0
96	-1.448074	19.830559	0.004982	49.0
97	-1.448087	19.749788	0.005231	50.2
98	-1.462729	19.669887	0.005050	52.4
99	-1.474844	19.590840	0.005317	36.7
100	-1.442909	19.512633	0.005148	51.4
101	-1.454958	19.435251	0.004883	51.1
102	-1.449950	19.358680	0.004925	50.1
103	-1.463696	19.282907	0.005349	48.7
104	-1.453538	19.207919	0.005070	51.8
105	-1.456213	19.133701	0.005121	47.8
106	-1.463602	19.060242	0.005005	50.6
107	-1.458504	18.987528	0.005123	42.5
108	-1.457486	18.915548	0.005079	49.4
109	-1.445361	18.844289	0.004858	50.4
110	-1.465415	18.773741	0.004897	38.7
111	-1.460118	18.703891	0.004998	28.1
112	-1.452359	18.634728	0.005035	26.8
113	-1.461498	18.566241	0.004893	32.8
114	-1.448076	18.498421	0.004824	27.2
115	-1.465331	18.431256	0.005006	26.9
116	-1.467651	18.364735	0.004980	26.8
117	-1.470069	18.298850	0.005165	26.5
118	-1.464050	18.233590	0.004996	27.0
119	-1.470617	18.168946	0.004914	27.3
120	-1.454906	18.104908	0.005060	26.8
121	-1.463583	18.041468	0.005189	27.0
122	-1.444774	17.978615	0.005025	26.9
123	-1.460370	17.916342	0.005142	26.9
124	-1.461340	17.854640	0.004849	30.4
125	-1.455649	17.793499	0.004732	26.5
126	-1.461290	17.732913	0.004812	28.1
127	-1.453117	17.672873	0.005067	30.4
128	-1.479181	17.613370	0.005084	26.9
129	-1.462637	17.554398	0.004858	27.0
130	-1.462246	17.495948	0.004919	26.8
131	-1.467150	17.438014	0.004925	26.8
132	-1.473392	17.380587	0.004870	27.1
133	-1.460198	17.323660	0.004866	27.7
134	-1.459248	17.267227	0.004802	26.9
135	-1.468559	17.211281	0.004793	27.0
136	-1.472558	17.155815	0.005018	26.8
137	-1.475485	17.100821	0.004716	27.5
138	-1.464790	17.046294	0.004805	26.8
139	-1.455005	16.992228	0.004765	26.8
140	-1.465793	16.938615	0.004839	27.0
141	-1.467446	16.885450	0.004728	26.7
142	-1.470988	16.832727	0.004790	27.3
143	-1.455593	16.780440	0.004961	27.0
144	-1.454288	16.728583	0.004897	30.0
145	-1.458170	16.677150	0.004849	36.1
146	-1.468261	16.626136	0.004714	40.8
147	-1.450110	16.575535	0.004676	27.0
148	-1.469208	16.525341	0.004946	26.6
149	-1.473896	16.475550	0.004962	27.2
150	-1.473595	16.426157	0.004879	27.0
151	-1.462236	16.377155	0.004978	26.7
152	-1.449998	16.328541	0.004847	26.8
153	-1.460766	16.280309	0.004894	27.7
154	-1.466017	16.232453	0.005097	27.0
155	-1.463424	16.184971	0.004826	26.8
156	-1.480501	16.137856	0.004911	26.7
157	-1.481883	16.091105	0.004787	27.3
158	-1.484594	16.044712	0.004658	28.5
159	-1.469792	15.998674	0.004743	27.1
160	-1.477018	15.952985	0.004645	27.8
161	-1.465747	15.907642	0.004718	26.9
162	-1.462395	15.862640	0.004868	27.2
163	-1.453256	15.817976	0.004520	26.9
164	-1.470935	15.773644	0.004484	26.7
165	-1.477710	15.729642	0.004683	27.1
166	-1.460461	15.685965	0.004746	26.9
167	-1.470662	15.642609	0.004688	27.4
168	-1.473884	15.599570	0.004568	27.0
169	-1.467530	15.556845	0.004771	27.0
170	-1.469267	15.514431	0.004590	27.0
171	-1.461644	15.472322	0.004748	28.2
172	-1.483019	15.430517	0.004794	26.9
173	-1.452607	15.389010	0.004667	26.8
174	-1.461873	15.347799	0.004835	27.0
175	-1.478895	15.306881	0.004631	29.2
176	-1.469746	15.266252	0.004815	26.7
177	-1.470916	15.225908	0.004538	27.0
178	-1.455678	15.185847	0.004624	30.4
179	-1.488450	15.146066	0.004815	26.8
180	-1.470089	15.106560	0.004659	26.8
181	-1.472065	15.067327	0.004666	26.8
182	-1.473132	15.028365	0.004745	26.9
183	-1.489072	14.989669	0.004659	26.9
184	-1.463148	14.951237	0.004443	27.0
185	-1.494782	14.913067	0.004843	27.4
186	-1.473077	14.875155	0.004592	27.0
187	-1.486479	14.837498	0.004795	27.1
188	-1.472347	14.800093	0.004456	27.1
189	-1.454763	14.762939	0.004686	26.6
190	-1.477873	14.726032	0.004667	27.1
191	-1.493340	14.689369	0.004765	26.9
192	-1.490047	14.652948	0.004499	28.5
193	-1.457943	14.616767	0.004459	29.9
194	-1.473916	14.580822	0.004626	27.0
195	-1.473368	14.545112	0.004766	26.9
196	-1.465130	14.509633	0.004492	27.4
197	-1.485212	14.474384	0.004470	27.1
198	-1.465026	14.439361	0.004395	26.7
199	-1.469581	14.404564	0.004496	26.7
200	-1.488892	14.369988	0.004671	27.2
201	-1.466903	14.335633	0.004346	27.2
202	-1.479124	14.301495	0.004591	28.7
203	-1.461832	14.267573	0.004445	27.4
204	-1.488400	14.233864	0.004520	26.9
205	-1.482841	14.200366	0.004612	27.3
206	-1.481599	14.167077	0.004519	27.2
207	-1.476248	14.133995	0.004420	27.1
208	-1.496007	14.101118	0.004652	26.6
209	-1.483964	14.068443	0.004631	26.8
210	-1.464133	14.035969	0.004649	30.4
211	-1.487573	14.003694	0.004554	26.7
212	-1.486058	13.971616	0.004593	28.8
213	-1.468189	13.939732	0.004417	27.0
214	-1.499274	13.908041	0.004529	26.9
215	-1.483575	13.876542	0.004477	26.9
216	-1.476043	13.845231	0.004262	26.8
217	-1.488189	13.814108	0.004642	27.3
218	-1.484011	13.783170	0.004678	26.8
219	-1.485948	13.752416	0.004612	28.3
220	-1.476459	13.721844	0.004395	26.8
221	-1.473841	13.691452	0.004530	27.5
222	-1.478123	13.661239	0.004346	27.0
223	-1.466126	13.631202	0.004238	26.9
224	-1.497303	13.601340	0.004585	26.8
225	-1.466263	13.571652	0.004621	26.9
226	-1.486708	13.542136	0.004445	29.9
227	-1.488521	13.512790	0.004542	28.8
228	-1.493519	13.483612	0.004703	27.2
229	-1.474505	13.454602	0.004439	28.1
230	-1.492538	13.425757	0.004733	29.8
231	-1.485325	13.397076	0.004338	26.8
232	-1.486256	13.368558	0.004246	26.9
233	-1.469278	13.340200	0.004272	26.8
234	-1.472356	13.312002	0.004531	27.0
235	-1.480545	13.283962	0.004523	27.0
236	-1.479202	13.256079	0.004375	28.4
237	-1.504340	13.228351	0.004456	27.4
238	-1.472244	13.200777	0.004398	26.7
239	-1.498994	13.173355	0.004504	27.1
240	-1.486798	13.146084	0.004349	27.2
241	-1.479827	13.118963	0.004234	27.4
242	-1.467170	13.091991	0.004477	27.1
243	-1.467609	13.065165	0.004503	26.8
244	-1.481755	13.038485	0.004436	30.0
245	-1.489763	13.011950	0.004619	26.6
246	-1.502431	12.985558	0.004185	27.9
247	-1.475376	12.959308	0.004178	28.9
248	-1.481284	12.933198	0.004196	27.0
249	-1.477127	12.907228	0.004493	26.6
250	-1.488666	12.881397	0.004347	27.1
251	-1.468690	12.855702	0.004290	27.4
252	-1.490102	12.830144	0.004327	26.8
253	-1.470604	12.804720	0.004139	26.7
254	-1.468862	12.779430	0.004343	26.9
255	-1.497936	12.754273	0.004647	27.0
256	-1.474936	12.729246	0.004232	26.9
257	-1.483728	12.704350	0.004491	27.0
258	-1.499708	12.679583	0.004358	29.4
259	-1.477398	12.654945	0.004350	26.9
260	-1.479988	12.630433	0.004373	27.2
261	-1.474004	12.606047	0.004477	27.2
262	-1.485954	12.581786	0.004120	31.0
263	-1.504548	12.557649	0.004248	28.4
264	-1.472304	12.533635	0.004402	30.1
265	-1.505688	12.509742	0.004316	26.8
266	-1.493600	12.485971	0.004376	27.2
267	-1.471638	12.462319	0.004030	27.1
268	-1.469819	12.438786	0.004122	26.9
269	-1.506223	12.415371	0.004419	26.7
270	-1.473385	12.392073	0.004224	27.3
271	-1.499139	12.368891	0.004375	28.4
272	-1.478826	12.345824	0.004356	27.0
273	-1.478728	12.322871	0.004359	28.0
274	-1.505744	12.300031	0.004246	27.2
275	-1.487211	12.277304	0.004213	26.6
276	-1.484163	12.254688	0.004294	27.4
277	-1.500453	12.232182	0.004221	26.8
278	-1.503287	12.209786	0.004257	26.9
279	-1.471030	12.187499	0.004149	43.7
280	-1.473140	12.165320	0.004351	26.8
281	-1.470705	12.143248	0.004260	27.9
282	-1.496148	12.121282	0.004065	26.9
283	-1.488379	12.099422	0.004444	26.4
284	-1.494050	12.077666	0.004319	27.0
285	-1.470582	12.056014	0.004538	27.6
286	-1.493006	12.034465	0.004270	26.7
287	-1.501273	12.013018	0.004533	26.8
288	-1.508016	11.991673	0.004415	27.0
289	-1.510390	11.970428	0.004304	27.3
290	-1.486668	11.949283	0.004156	26.7
291	-1.490864	11.928237	0.004186	26.7
292	-1.505879	11.907290	0.004222	26.8
293	-1.479942	11.886440	0.004357	27.2
294	-1.480571	11.865687	0.004098	26.9
295	-1.484364	11.845030	0.004307	27.0
296	-1.482100	11.824469	0.004016	30.4
297	-1.508036	11.804002	0.004119	28.4
298	-1.513286	11.783630	0.004353	30.6
299	-1.497574	11.763350	0.004312	26.8
300	-1.507585	11.743163	0.004140	26.6
301	-1.487806	11.723069	0.004331	27.7
302	-1.491079	11.703065	0.004179	27.0
303	-1.507862	11.683152	0.004091	27.8
304	-1.490204	11.663329	0.004043	27.2
305	-1.494934	11.643595	0.004344	28.5
306	-1.519386	11.623950	0.004418	27.4
307	-1.483999	11.604392	0.004103	27.1
308	-1.490947	11.584923	0.004029	27.5
309	-1.485442	11.565539	0.004029	26.8
310	-1.476888	11.546242	0.004163	27.0
311	-1.491107	11.527030	0.004315	27.3
312	-1.498761	11.507903	0.004229	26.9
313	-1.503508	11.488861	0.004106	31.7
314	-1.484485	11.469901	0.003939	26.9
315	-1.502826	11.451025	0.004298	32.6
316	-1.488204	11.432232	0.004009	26.8
317	-1.493420	11.413520	0.004095	27.0
318	-1.504228	11.394890	0.004210	26.8
319	-1.487396	11.376340	0.004091	26.6
320	-1.514013	11.357870	0.004292	27.0
321	-1.477344	11.339480	0.004047	27.4
322	-1.508113	11.321169	0.004207	26.7
323	-1.497705	11.302936	0.004092	27.1
324	-1.495172	11.284782	0.004034	26.7
325	-1.492456	11.266705	0.004186	26.9
326	-1.506808	11.248704	0.004220	27.1
327	-1.489091	11.230780	0.004071	26.9
328	-1.485307	11.212932	0.003930	27.1
329	-1.492353	11.195159	0.004059	26.5
330	-1.476944	11.177461	0.003838	30.0
331	-1.475314	11.159837	0.004378	26.7
332	-1.517711	11.142287	0.004108	27.0
333	-1.496682	11.124810	0.004079	28.5
334	-1.510182	11.107406	0.004147	27.1
335	-1.487823	11.090074	0.004093	26.9
336	-1.483731	11.072814	0.004169	27.2
337	-1.491320	11.055625	0.003838	26.8
338	-1.506490	11.038507	0.004091	27.7
339	-1.494114	11.021459	0.004114	27.9
340	-1.486666	11.004481	0.004249	28.1
341	-1.511088	10.987573	0.004123	27.2
342	-1.491960	10.970734	0.004057	26.6
343	-1.502545	10.953963	0.004211	27.2
344	-1.498858	10.937260	0.004073	27.3
345	-1.501156	10.920625	0.004095	27.6
346	-1.505987	10.904057	0.004232	27.0
347	-1.502164	10.887556	0.003912	30.8
348	-1.500385	10.871120	0.004022	26.9
349	-1.483553	10.854751	0.004063	27.0
350	-1.496058	10.838448	0.004214	29.1
351	-1.505985	10.822209	0.004199	27.2
352	-1.490053	10.806035	0.004036	27.1
353	-1.499697	10.789925	0.004108	27.0
354	-1.495055	10.773878	0.004212	26.8
355	-1.484658	10.757895	0.003989	27.1
356	-1.498536	10.741975	0.003921	26.7
357	-1.511531	10.726118	0.004004	26.6
358	-1.500190	10.710323	0.004125	27.0
359	-1.493586	10.694589	0.003955	26.7
360	-1.497750	10.678917	0.004061	26.6
361	-1.517845	10.663306	0.004117	26.7
362	-1.493570	10.647755	0.004025	27.2
363	-1.490154	10.632265	0.004095	26.7
364	-1.499638	10.616834	0.003805	30.4
365	-1.501971	10.601463	0.003960	26.7
366	-1.494941	10.586151	0.004014	28.5
367	-1.518679	10.570898	0.003932	29.9
368	-1.515398	10.555703	0.004088	26.8
369	-1.509181	10.540566	0.004126	26.8
370	-1.490605	10.525486	0.003878	26.7
371	-1.493018	10.510464	0.004043	27.3
372	-1.503484	10.495499	0.003863	26.7
373	-1.486518	10.480590	0.003761	28.1
374	-1.489563	10.465738	0.004069	28.0
375	-1.505249	10.450941	0.003876	26.7
376	-1.509236	10.436200	0.003838	26.9
377	-1.493227	10.421515	0.004143	27.3
378	-1.497461	10.406884	0.003958	26.7
379	-1.477197	10.392307	0.003985	26.4
380	-1.502780	10.377785	0.003873	26.9
381	-1.497894	10.363317	0.003907	29.8
382	-1.513570	10.348902	0.003885	26.9
383	-1.491312	10.334541	0.004060	26.7
384	-1.496764	10.320232	0.003765	30.2
385	-1.501057	10.305976	0.004019	27.1
386	-1.493802	10.291772	0.003802	26.8
387	-1.495116	10.277620	0.004150	26.8
388	-1.523222	10.263520	0.004083	26.8
389	-1.502265	10.249472	0.003770	26.9
390	-1.491024	10.235474	0.003912	26.8
391	-1.479639	10.221527	0.003881	26.9
392	-1.497644	10.207631	0.003897	26.8
393	-1.501445	10.193784	0.003935	26.7
394	-1.502500	10.179988	0.003827	26.8
395	-1.497121	10.166241	0.003959	27.1
396	-1.496665	10.152544	0.003805	28.1
397	-1.503843	10.138895	0.003964	27.0
398	-1.506646	10.125295	0.003905	26.7
399	-1.501267	10.111744	0.003992	30.4
400	-1.492406	10.098241	0.003932	27.6
401	-1.491758	10.084785	0.003921	27.7
402	-1.489332	10.071377	0.003823	26.9
403	-1.523975	10.058017	0.004019	26.8
404	-1.518465	10.044704	0.004014	27.0
405	-1.509640	10.031437	0.003792	27.5
406	-1.511593	10.018217	0.003959	27.4
407	-1.496698	10.005043	0.004045	27.1
408	-1.498999	9.991916	0.003898	27.9
409	-1.485843	9.978834	0.003892	27.3
410	-1.501412	9.965797	0.003879	26.9
411	-1.512427	9.952806	0.003862	26.6
412	-1.501968	9.939859	0.003817	27.1
413	-1.503895	9.926958	0.003946	27.0
414	-1.502768	9.914100	0.003934	27.0
415	-1.488394	9.901287	0.003649	28.1
416	-1.496245	9.888518	0.004019	29.4
417	-1.504543	9.875793	0.003897	26.6
418	-1.492720	9.863111	0.003843	27.0
419	-1.498199	9.850473	0.004025	27.4
420	-1.486093	9.837877	0.003939	26.7
421	-1.499100	9.825325	0.003972	27.1
422	-1.511523	9.812814	0.004013	26.8
423	-1.519797	9.800346	0.003807	26.7
424	-1.500665	9.787921	0.004051	26.7
425	-1.509623	9.775537	0.003873	27.0
426	-1.497943	9.763194	0.003805	26.9
427	-1.506335	9.750893	0.003747	26.9
428	-1.506033	9.738633	0.004057	27.3
429	-1.509620	9.726414	0.003646	27.1
430	-1.504647	9.714236	0.003747	28.9
431	-1.502937	9.702098	0.003686	26.7
432	-1.509642	9.690001	0.004038	27.4
433	-1.512879	9.677944	0.003968	26.9
434	-1.513982	9.665926	0.003798	27.8
435	-1.502203	9.653948	0.003898	27.7
436	-1.518391	9.642010	0.003902	30.0
437	-1.514468	9.630110	0.003965	27.1
438	-1.503347	9.618250	0.003661	26.9
439	-1.505669	9.606428	0.003817	26.9
440	-1.490096	9.594645	0.003657	26.7
441	-1.479632	9.582901	0.003670	27.1
442	-1.502507	9.571195	0.003792	27.8
443	-1.511695	9.559526	0.003884	27.0
444	-1.480040	9.547896	0.003772	26.9
445	-1.504623	9.536303	0.003709	27.0
446	-1.498802	9.524747	0.003774	27.5
447	-1.509441	9.513228	0.003878	27.0
448	-1.507061	9.501747	0.003864	26.9
449	-1.501382	9.490302	0.003898	27.9
450	-1.512155	9.478894	0.003847	26.9
451	-1.500399	9.467523	0.003863	27.6
452	-1.513468	9.456187	0.003887	26.9
453	-1.500099	9.444888	0.003687	27.0
454	-1.521593	9.433624	0.003937	27.1
455	-1.509055	9.422397	0.003887	26.6
456	-1.518931	9.411204	0.003675	26.7
457	-1.515488	9.400047	0.003829	27.0
458	-1.520688	9.388925	0.003670	26.7
459	-1.531763	9.377838	0.003953	26.8
460	-1.502778	9.366786	0.003684	26.9
461	-1.506621	9.355769	0.003666	26.7
462	-1.491613	9.344786	0.003581	27.0
463	-1.478950	9.333837	0.003560	27.0
464	-1.507919	9.322922	0.003850	28.6
465	-1.513652	9.312041	0.003728	27.0
466	-1.503470	9.301194	0.003750	27.0
467	-1.497029	9.290380	0.003996	26.9
468	-1.495890	9.279600	0.003802	30.0
469	-1.519084	9.268853	0.003795	26.8
470	-1.501694	9.258139	0.003633	28.5
471	-1.503941	9.247458	0.003606	29.5
472	-1.510703	9.236809	0.003687	26.8
473	-1.519155	9.226193	0.003873	26.8
474	-1.511705	9.215610	0.003994	26.9
475	-1.498323	9.205059	0.003719	26.8
476	-1.502347	9.194540	0.003804	26.8
477	-1.511347	9.184053	0.003718	29.5
478	-1.512474	9.173597	0.003618	27.2
479	-1.508059	9.163174	0.003661	27.2
480	-1.507473	9.152781	0.003967	27.0
481	-1.507028	9.142420	0.003847	27.3
482	-1.512216	9.132091	0.003799	27.1
483	-1.517019	9.121792	0.003575	27.2
484	-1.532914	9.111524	0.003897	26.8
485	-1.514321	9.101287	0.003663	32.6
486	-1.514415	9.091080	0.003784	30.1
487	-1.504926	9.080904	0.003628	26.9
488	-1.512439	9.070757	0.003921	28.5
489	-1.501833	9.060642	0.003936	27.0
490	-1.502416	9.050556	0.003785	26.9
491	-1.492889	9.040499	0.003647	26.6
492	-1.499953	9.030473	0.003634	27.2
493	-1.492324	9.020476	0.004024	27.0
494	-1.506480	9.010508	0.003769	27.1
495	-1.495208	9.000570	0.003560	26.8
496	-1.507461	8.990661	0.003629	26.9
497	-1.488529	8.980781	0.003564	26.9
498	-1.512471	8.970929	0.003715	27.1
499	-1.499037	8.961107	0.003571	27.0
